Ite	f0	f1	f2	f3	f4	f5	f6	f7	f8	f9	f10	f11	f12	f13	f14	f15	f16	f17	f18	f19	f20	f21	f22	f23	f24	f25	f26	f27	f28	f29	f30	f31	f32	f33	f34	f35	f36	f37	f38	f39	f40	f41	f42	f43	f44	f45	f46	f47	f48	f49	f50	f51	f52	f53	f54	f55	f56	f57	f58	f59	f60	f61	f62	f63	f64	f65	f66	f67	f68	f69	f70	f71	f72	f73	f74	f75	f76	f77	f78	f79	f80	f81	f82	f83	f84	f85	f86	f87	f88	f89	f90	f91	f92	f93	f94	f95	f96	f97	f98	f99	
0	806	785	867	802	787	873	707	703	804	814	857	844	781	854	797	791	817	736	804	783	737	782	836	803	826	804	821	792	838	754	830	806	786	763	797	741	770	780	826	788	867	803	801	788	813	714	783	897	834	749	829	786	819	787	830	767	809	847	819	789	834	753	802	818	820	812	824	824	761	789	830	861	793	833	812	785	799	813	846	820	824	825	770	918	809	847	782	796	801	808	777	791	798	850	863	827	781	843	857	819	
1	738	695	805	743	761	837	806	767	782	826	834	760	788	820	692	789	711	692	755	809	782	752	838	808	804	880	869	714	838	701	786	710	793	741	788	706	774	807	783	806	775	713	820	755	793	768	716	797	786	662	843	834	810	837	874	856	801	806	747	754	806	848	817	859	801	837	796	791	797	763	802	791	808	828	879	845	839	795	824	688	870	785	761	872	782	853	926	798	750	799	791	739	740	779	859	783	848	776	856	724	
2	636	641	791	855	760	836	828	788	758	808	653	804	796	763	683	804	751	726	763	787	760	833	809	767	749	852	778	811	882	693	765	690	809	741	745	830	782	798	821	781	785	708	864	801	890	807	701	774	819	651	910	744	790	794	791	788	903	781	804	743	784	802	764	827	796	806	816	753	816	828	696	839	839	710	811	765	812	836	755	818	873	646	750	816	776	810	818	865	797	753	762	785	676	785	928	846	785	795	788	834	
3	663	711	784	806	842	846	708	748	667	724	726	736	807	757	775	805	839	670	833	738	716	803	793	764	751	861	847	842	889	740	786	695	727	767	791	821	807	756	801	830	783	653	885	751	814	774	698	699	762	618	816	732	821	806	796	826	781	816	783	743	781	799	737	756	811	869	754	777	695	843	679	742	786	692	813	774	768	798	866	839	797	654	764	808	797	864	783	868	786	740	757	740	681	804	840	859	830	818	896	845	
4	707	735	798	707	744	795	701	722	654	729	744	747	780	716	787	809	871	618	760	747	886	771	838	721	768	864	773	846	886	682	801	733	747	808	806	795	730	746	832	752	800	709	831	879	835	723	610	741	841	576	805	843	784	808	850	777	830	788	807	790	805	729	748	821	849	815	899	799	633	873	830	676	854	702	797	782	793	838	812	793	832	626	765	803	757	813	817	776	711	820	815	808	593	800	860	860	757	804	857	880	
5	768	630	817	731	758	871	709	726	618	763	739	747	754	762	744	823	806	597	738	821	855	770	843	670	825	810	744	749	822	751	779	732	743	823	699	750	733	772	756	688	703	653	848	742	781	714	566	739	807	549	802	905	793	827	831	815	727	739	787	817	857	785	788	765	832	783	844	794	646	876	736	649	813	756	762	801	797	789	889	843	839	662	736	817	779	862	774	831	757	845	836	752	632	758	825	786	802	760	791	897	
6	726	637	733	759	850	779	742	781	800	733	709	683	719	786	780	805	758	722	764	770	787	783	790	647	792	808	810	814	894	685	758	722	748	708	718	739	768	711	806	639	692	640	821	827	843	779	632	752	766	604	803	863	754	820	825	752	639	810	809	820	773	880	671	735	839	858	848	801	682	862	872	730	762	718	829	706	756	752	834	871	820	749	782	809	708	855	853	823	758	912	824	799	771	799	801	815	767	709	685	813	
7	695	740	618	789	786	773	678	802	868	749	697	744	742	826	751	800	780	732	784	717	698	782	809	599	781	810	725	812	859	714	741	671	785	813	790	796	718	613	780	598	693	731	798	880	857	806	696	747	799	565	844	855	805	766	818	650	736	816	838	743	780	809	767	817	844	850	807	829	662	850	891	754	761	785	872	693	765	755	818	826	838	718	859	826	734	793	755	869	741	789	699	878	755	756	822	815	769	843	710	778	
8	762	745	667	731	726	938	774	759	677	694	731	728	634	749	805	828	780	764	763	777	779	783	819	672	884	856	700	838	794	701	753	651	747	846	748	742	762	699	725	692	703	742	788	833	866	867	726	754	794	591	823	742	696	796	891	790	802	762	863	797	839	750	835	744	747	833	828	841	689	828	841	817	799	710	853	762	822	685	816	868	787	639	737	799	707	755	756	816	725	848	761	826	812	696	857	817	737	824	828	753	
9	819	753	696	707	788	821	750	647	745	695	792	755	746	771	794	733	720	680	725	754	757	797	761	734	916	859	778	817	829	767	800	650	753	807	743	791	755	702	769	608	681	731	757	851	880	813	729	788	872	654	811	713	763	733	830	819	684	705	850	796	771	784	780	795	740	838	805	720	635	844	795	777	798	710	832	792	777	784	813	823	832	708	744	854	688	792	789	781	709	753	838	752	739	784	764	809	684	732	807	789	
10	755	685	726	761	729	891	731	749	728	692	648	811	794	746	738	725	799	708	706	766	801	723	793	798	821	827	825	763	854	739	810	722	776	725	774	832	801	717	758	803	703	714	737	793	862	743	680	786	842	706	896	724	799	772	747	779	767	693	837	711	773	800	807	740	779	808	795	716	772	735	767	813	884	700	823	761	746	778	865	833	771	789	766	831	749	721	846	789	674	801	819	723	748	682	751	823	696	772	815	809	
11	704	686	693	748	826	861	715	760	684	705	625	820	841	747	802	810	819	624	823	769	827	769	751	815	838	714	796	834	834	771	763	722	726	763	846	740	758	793	747	718	642	648	861	877	882	760	623	846	825	646	882	711	830	827	785	706	665	796	826	727	777	706	744	795	726	812	825	837	723	718	746	703	833	699	800	718	783	787	824	812	845	713	736	763	747	750	826	850	729	838	736	666	713	651	819	792	741	782	757	850	
12	731	793	744	752	801	806	744	759	661	777	624	738	791	736	799	808	779	589	766	678	797	799	774	745	879	834	752	755	853	667	811	638	690	792	788	686	829	776	772	724	685	655	862	783	852	765	639	855	759	648	838	723	800	790	779	771	668	812	774	812	789	829	775	828	741	865	802	883	681	707	740	630	838	764	794	708	733	719	813	887	841	763	758	817	724	732	756	806	695	767	731	677	647	742	855	879	788	772	768	767	
13	753	795	793	830	803	824	755	833	651	704	569	739	743	739	739	743	770	732	794	760	795	797	889	724	827	759	737	804	836	672	885	661	652	798	744	717	791	751	732	778	693	664	784	783	822	786	772	760	768	576	843	834	719	712	788	909	707	823	780	729	820	757	746	823	721	885	705	786	730	794	805	567	816	664	688	765	668	728	819	812	906	743	760	829	734	776	826	730	726	737	757	723	728	828	850	878	702	716	747	765	
14	718	755	679	795	710	860	789	727	673	826	675	702	640	785	775	765	819	840	856	788	714	782	832	757	760	860	801	800	846	649	825	676	648	770	757	767	781	747	704	740	711	653	891	857	772	816	749	775	831	614	832	806	811	819	805	845	719	836	809	750	886	818	798	726	773	847	779	801	745	775	748	594	913	678	885	737	749	772	863	743	843	786	725	834	699	784	805	876	641	812	783	772	698	751	809	871	802	711	836	820	
15	774	807	697	759	755	795	734	705	750	782	719	666	696	756	638	796	755	692	854	695	717	806	891	858	810	820	756	825	831	659	795	699	696	724	759	793	818	657	758	808	698	677	821	800	819	765	711	761	778	583	797	746	825	738	793	825	774	801	893	816	845	848	803	801	829	836	835	767	782	847	870	507	789	689	848	736	804	750	888	805	904	793	719	862	709	786	796	766	706	801	774	733	685	731	799	882	783	769	814	829	
16	815	728	662	777	741	789	798	716	700	694	704	739	661	745	655	739	777	667	822	708	769	796	839	792	762	750	772	824	777	788	834	660	737	759	726	732	840	698	846	755	729	728	855	765	786	706	796	806	817	549	821	759	865	643	797	850	826	762	825	721	846	809	793	800	836	817	843	768	837	774	808	538	744	663	741	768	818	760	885	783	809	718	767	799	750	760	828	792	634	815	714	801	696	686	842	895	844	733	782	806	
17	705	718	745	785	758	725	764	713	642	712	716	766	739	820	702	737	788	622	781	760	737	770	820	803	798	812	858	802	808	702	880	775	720	765	734	758	789	768	847	791	784	670	844	742	877	693	852	826	854	609	846	807	816	675	808	894	858	763	777	713	821	806	770	790	823	888	799	715	759	826	723	570	774	692	818	716	842	795	772	819	829	680	813	743	850	761	826	770	680	742	782	771	651	620	787	851	823	715	801	839	
18	686	771	742	839	742	848	776	733	675	753	682	758	777	735	755	797	828	724	744	792	706	837	859	728	807	826	795	750	877	642	838	741	732	723	676	699	799	741	816	718	857	756	806	617	796	719	771	769	893	569	867	810	784	722	812	829	854	784	758	697	790	861	807	820	781	848	839	721	746	821	755	586	888	690	800	681	824	854	816	833	801	713	735	850	829	784	786	772	639	826	818	808	648	712	826	900	770	817	751	811	
19	784	780	762	838	777	806	805	745	653	777	682	739	740	803	646	819	821	738	790	708	851	778	834	671	734	713	801	815	871	743	758	775	671	657	691	652	788	787	851	701	910	741	885	634	775	637	747	784	874	558	835	775	793	720	836	761	795	763	804	696	902	829	695	795	760	848	815	848	743	835	719	522	785	646	835	742	814	762	850	876	802	642	757	868	793	806	754	828	668	802	750	732	672	686	851	858	802	844	763	809	
20	819	751	837	837	730	844	824	722	680	870	701	818	772	797	765	792	770	701	812	779	798	766	796	655	698	833	803	852	860	717	829	687	678	702	728	792	831	727	842	737	764	766	841	718	803	750	738	814	869	677	838	784	758	704	847	838	819	778	769	748	845	741	684	793	808	789	769	811	773	741	751	613	854	687	865	748	769	855	876	838	833	711	668	836	694	743	768	870	670	699	733	770	769	693	735	876	722	801	714	745	
21	741	727	830	824	813	868	743	764	704	776	657	813	829	766	727	838	788	725	810	822	782	792	820	696	765	804	810	813	894	701	786	761	709	767	711	735	843	720	880	800	777	735	849	790	834	712	745	832	887	668	861	790	805	686	764	823	814	735	803	742	827	768	627	841	799	769	751	721	805	875	770	654	760	707	768	757	852	782	803	833	790	739	683	837	750	879	757	723	685	777	803	749	698	712	758	884	835	799	775	783	
22	727	706	826	775	767	799	781	720	722	828	679	755	824	735	812	782	742	565	807	760	707	757	809	736	803	855	787	778	823	639	802	751	656	733	721	751	728	712	795	710	811	723	814	791	770	744	662	847	798	580	874	851	807	672	802	822	887	747	717	727	870	795	579	851	839	793	800	746	827	803	808	669	691	746	823	886	838	800	854	818	844	669	616	807	689	901	802	788	671	762	818	801	719	676	876	835	825	844	814	732	
23	769	702	848	779	743	799	721	669	742	779	732	737	789	770	764	749	744	650	800	767	742	867	854	766	765	805	798	741	823	569	809	757	634	710	687	775	703	697	757	742	761	627	881	746	856	731	682	807	837	598	871	844	795	689	815	759	772	715	705	687	775	805	743	894	814	835	851	775	835	779	830	644	760	728	794	814	758	832	806	856	856	689	758	833	803	873	757	779	724	758	761	799	709	660	804	902	812	782	766	823	
24	802	715	796	768	667	883	788	664	765	763	762	756	782	815	750	791	788	711	854	770	814	768	804	757	806	846	846	844	836	628	800	791	665	670	686	755	736	685	707	734	875	661	762	796	777	740	713	796	852	627	840	832	831	811	817	829	825	699	716	702	841	750	783	831	776	849	778	788	729	857	834	600	769	724	780	871	774	740	784	766	910	775	763	859	645	834	676	847	797	765	755	776	730	658	841	859	800	713	752	827	
25	744	572	764	859	740	846	760	723	758	740	758	797	748	801	834	861	678	678	785	838	809	773	834	751	801	835	773	781	824	666	742	712	758	755	675	729	750	718	741	698	821	661	909	822	806	751	704	711	799	580	869	767	768	728	790	789	903	752	768	723	842	796	772	801	730	820	852	781	822	842	780	674	786	682	820	826	816	838	844	758	882	686	750	773	721	850	665	803	780	752	681	731	657	637	839	873	787	820	794	744	
26	666	695	728	766	631	831	758	671	734	724	850	797	721	797	808	778	631	751	769	799	840	816	863	814	859	820	831	763	864	703	769	631	731	670	699	846	728	717	747	728	789	641	851	726	820	707	673	700	775	555	813	718	854	699	806	818	761	733	809	772	849	772	795	774	744	872	856	811	779	859	711	758	733	776	783	844	811	745	756	764	809	640	643	816	657	860	733	772	789	787	807	747	662	762	812	949	810	761	767	754	
27	607	734	721	809	649	811	748	677	683	663	760	811	746	736	774	719	687	664	786	830	865	841	864	757	734	837	757	738	769	727	758	635	717	675	775	828	703	756	666	654	751	672	772	725	673	748	627	794	851	579	867	859	800	718	800	773	733	774	737	774	860	735	721	700	784	852	853	768	714	829	761	775	747	714	853	856	844	778	819	770	794	701	737	785	623	802	720	756	800	838	661	785	659	715	826	885	750	854	824	805	
28	599	766	685	805	682	843	709	667	662	751	817	763	692	796	705	810	633	637	821	861	852	823	818	744	836	776	822	693	929	673	756	608	750	712	777	741	697	703	761	774	719	753	795	790	792	679	562	800	874	638	823	783	786	778	850	808	800	797	800	662	850	845	744	787	801	863	798	700	735	784	780	735	688	678	838	860	814	755	844	883	787	724	749	811	655	855	745	827	785	824	690	843	700	677	829	860	702	799	799	818	
29	557	801	699	710	518	776	664	683	663	725	862	831	665	795	629	776	611	672	819	796	802	836	831	764	844	775	827	833	888	711	774	742	713	764	730	802	704	735	747	728	720	645	811	818	757	701	541	691	826	684	834	818	811	735	769	754	791	744	824	776	796	763	770	853	700	822	809	749	732	762	775	664	652	686	821	825	799	807	811	780	873	671	710	772	632	825	802	810	730	793	750	856	788	729	882	855	778	834	747	844	
30	505	725	741	736	375	835	664	667	608	809	766	675	752	749	627	700	599	714	799	843	741	807	863	764	797	893	764	782	767	701	799	683	771	730	756	808	677	816	710	759	661	654	835	772	740	703	612	817	819	640	886	819	835	610	827	761	842	746	800	774	920	798	745	838	759	849	829	882	715	778	770	693	479	736	825	816	801	760	827	842	765	709	597	818	597	893	773	786	775	800	694	836	746	737	802	836	770	834	616	767	
