 ====================================
| SIMULATION (FER over EbN0)  
| Mar  6 2017 17:55:49
|   Begin: 1.4  Step: 0.2  End:2.61
|   Standard: DVB_RCS1   
|   Its=8 R=12 N=752 SF=0.85 SC=0
 ====================================

 Simulating SNR=1.40
Pos Ok but not corrected5.69e-05 | FER:2.62e-03 | BEMin:  3 | BEMax:145 | BE/FE: 33 | SE/FE: 26 | It:4.8 | FPS:1365
F:  18381 | FE: 50 | BER:6.50e-05 | FER:2.72e-03 | BEMin:  3 | BEMax:145 | BE/FE: 36 | SE/FE: 28 | It:4.8 | FPS:1365

BE: 3;3;4;4;7;7;7;7;9;10;10;10;11;11;12;12;12;12;14;15;16;16;17;18;22;25;27;27;28;29;31;34;35;36;37;44;45;46;49;53;55;66;76;83;93;97;108;124;136;145;

SE: 2;2;3;4;5;5;5;5;7;7;7;7;7;8;8;8;9;9;10;10;10;12;13;14;16;18;20;21;21;25;25;26;27;30;30;34;35;36;37;39;42;53;57;68;71;82;95;100;107;112;
SEtot: 1404
FCcount= 1935 idOk: 1600

 Simulating SNR=1.60
Pos Ok but not corrected
F: 181975 | FE: 50 | BER:4.80e-06 | FER:2.75e-04 | BEMin:  4 | BEMax:133 | BE/FE: 26 | SE/FE: 21 | It:4.3 | FPS:1684

BE: 4;6;6;6;6;6;7;9;9;10;10;10;10;11;11;11;12;12;12;12;13;13;13;15;15;16;16;16;16;18;18;18;20;20;21;23;23;23;27;29;30;44;47;60;66;74;78;98;132;133;

SE: 3;4;4;5;5;5;6;6;7;7;7;7;7;8;8;8;8;8;8;9;9;10;10;11;11;11;12;12;13;13;13;14;15;15;15;16;16;19;21;21;23;33;35;42;54;59;61;84;115;117;
SEtot: 1030
FCcount= 5669 idOk: 4754

 Simulating SNR=1.80
F: 1741266 | FE: 50 | BER:2.67e-07 | FER:2.87e-05 | BEMin:  3 | BEMax: 51 | BE/FE: 14 | SE/FE: 10 | It:3.9 | FPS:17730

BE: 3;4;5;5;6;7;7;7;8;8;8;8;8;9;9;10;11;11;11;11;12;12;12;12;12;12;14;14;14;14;14;15;15;15;16;16;17;18;19;19;20;20;21;21;21;22;23;23;30;51;

SE: 2;4;4;4;4;4;5;5;5;5;5;6;6;6;6;7;7;8;8;9;9;9;9;9;9;10;10;10;10;11;11;11;12;12;12;13;13;14;14;14;15;15;15;15;16;17;17;20;22;40;
SEtot: 524
FCcount= 11326 idOk: 9760

 Simulating SNR=2.00
F: 5701125 | FE: 50 | BER:7.30e-08 | FER:8.77e-06 | BEMin:  4 | BEMax: 23 | BE/FE: 13 | SE/FE:  9 | It:3.6 | FPS:17857

BE: 4;7;7;8;8;9;9;9;9;9;9;9;9;9;9;10;10;10;10;11;11;11;11;11;12;12;12;12;12;12;12;13;13;13;14;15;15;15;15;15;15;17;18;18;19;20;21;21;23;23;

SE: 4;5;5;6;6;6;6;6;6;6;6;6;7;7;7;7;7;7;7;7;8;8;8;8;8;8;8;9;9;9;9;10;10;10;11;11;11;12;12;12;12;13;13;14;14;14;15;15;17;21;
SEtot: 463
FCcount= 6860 idOk: 6049

 Simulating SNR=2.20
Pos Ok but not corrected:5.86e-09 | FER:8.39e-07 | BEMin:  4 | BEMax: 14 | BE/FE: 10 | SE/FE:  8 | It:3.3 | FPS:1944950
Pos Ok but not correctedR:7.66e-09 | FER:1.07e-06 | BEMin:  4 | BEMax: 17 | BE/FE: 11 | SE/FE:  8 | It:3.3 | FPS:1936
Pos Ok but not correctedR:8.48e-09 | FER:1.23e-06 | BEMin:  4 | BEMax: 18 | BE/FE: 10 | SE/FE:  8 | It:3.3 | FPS:1944
F: 39230599 | FE: 50 | BER:9.37e-09 | FER:1.27e-06 | BEMin:  3 | BEMax: 21 | BE/FE: 11 | SE/FE:  8 | It:3.3 | FPS:1954

BE: 3;4;5;5;6;6;6;8;8;8;9;9;9;9;9;9;9;9;9;10;10;10;11;11;11;11;11;12;12;12;12;12;12;13;13;13;13;13;13;13;14;14;14;15;16;17;18;18;18;21;

SE: 3;3;3;4;4;4;5;5;6;6;6;6;6;6;6;7;7;7;7;7;7;7;8;8;8;8;8;9;9;9;9;9;9;9;9;10;10;10;10;10;10;10;10;11;12;12;13;13;13;13;
SEtot: 401
FCcount= 8731 idOk: 7708

 Simulating SNR=2.40
Pos Ok but not correctedER:2.45e-09 | FER:3.37e-07 | BEMin:  4 | BEMax: 19 | BE/FE: 11 | SE/FE:  8 | It:3.1 | FPS:21693
F: 147317607 | FE: 50 | BER:2.35e-09 | FER:3.39e-07 | BEMin:  4 | BEMax: 19 | BE/FE: 10 | SE/FE:  8 | It:3.1 | FPS:2230

BE: 4;4;4;6;6;6;7;7;7;7;7;8;8;8;8;8;9;9;9;9;9;9;9;9;10;10;10;10;10;11;11;11;11;12;12;12;13;13;13;13;14;14;15;15;16;16;16;17;19;19;

SE: 3;3;3;4;4;4;4;5;5;5;5;6;6;6;6;6;6;6;6;6;6;6;6;7;7;7;7;7;7;7;8;8;8;9;9;9;9;10;10;10;11;11;11;11;11;12;12;13;13;14;
SEtot: 375
FCcount= 7163 idOk: 6328

 Simulating SNR=2.60
Pos Ok but not correctedR:4.51e-10 | FER:6.95e-08 | BEMin:  9 | BEMax: 10 | BE/FE: 10 | SE/FE:  7 | It:3.0 | FPS:264785
Pos Ok but not correctedER:5.82e-10 | FER:7.61e-08 | BEMin:  7 | BEMax: 19 | BE/FE: 12 | SE/FE:  8 | It:3.0 | FPS:2580
F: 633864264 | FE: 50 | BER:5.97e-10 | FER:7.89e-08 | BEMin:  5 | BEMax: 26 | BE/FE: 11 | SE/FE:  8 | It:3.0 | FPS:2332

BE: 5;5;5;7;7;8;8;8;9;9;9;9;9;9;9;9;10;10;10;10;10;10;10;10;11;12;12;12;12;12;12;12;12;12;12;12;12;12;13;13;13;15;15;15;16;17;17;18;19;26;

SE: 3;3;4;4;4;6;6;6;6;6;7;7;7;7;7;7;7;7;8;8;8;8;8;8;8;8;8;8;9;9;9;9;9;9;9;9;9;9;9;9;9;10;10;11;11;11;12;12;13;17;
SEtot: 408
FCcount= 7782 idOk: 6988
 ====================================
| SIMULATION (FER over EbN0)  
| Mar  6 2017 17:55:22
|   Begin: 2.8  Step: 0.2  End:4.21
|   Standard: DVB_RCS1   
|   Its=8 R=34 N=752 SF=0.85 SC=0
 ====================================

 Simulating SNR=2.80
F:  12957 | FE: 50 | BER:9.11e-05 | FER:3.86e-03 | BEMin:  2 | BEMax: 90 | BE/FE: 36 | SE/FE: 33 | It:4.1 | FPS:1365

BE: 2;4;4;5;7;9;9;12;12;13;13;13;14;17;17;17;18;20;23;26;27;28;28;32;32;34;35;37;37;38;38;40;41;41;43;46;47;52;55;56;60;61;65;70;72;74;76;81;84;90;

SE: 2;3;4;4;5;8;9;10;11;12;12;12;12;14;15;16;17;18;23;24;24;24;26;28;28;30;31;31;34;35;35;35;36;38;38;43;43;50;51;55;57;60;61;66;68;70;70;78;78;87;
SEtot: 1641
FCcount= 498 idOk: 387

 Simulating SNR=3.00
F: 112466 | FE: 50 | BER:7.38e-06 | FER:4.45e-04 | BEMin:  2 | BEMax: 86 | BE/FE: 25 | SE/FE: 23 | It:3.6 | FPS:1543

BE: 2;6;6;6;7;8;8;8;8;8;9;9;10;10;11;14;14;15;15;16;16;17;17;19;19;20;20;20;21;22;22;24;28;31;33;33;34;36;37;38;39;42;42;46;46;50;51;70;79;86;

SE: 2;5;5;6;6;6;7;7;7;8;8;8;9;9;10;11;12;13;13;14;14;16;16;16;17;17;17;18;18;19;21;22;27;28;30;30;31;31;34;34;35;37;38;40;45;46;48;68;75;81;
SEtot: 1135
FCcount= 957 idOk: 802

 Simulating SNR=3.20
F: 875583 | FE: 50 | BER:5.50e-07 | FER:5.71e-05 | BEMin:  4 | BEMax: 32 | BE/FE: 14 | SE/FE: 13 | It:3.3 | FPS:1859

BE: 4;6;6;6;6;7;7;7;8;8;8;8;9;9;9;10;11;11;11;11;11;11;12;12;13;13;13;14;14;14;14;16;16;16;17;17;17;19;20;20;20;21;24;24;25;25;30;31;31;32;

SE: 4;5;5;5;5;6;6;7;7;7;7;7;8;8;8;9;9;9;10;10;10;10;10;10;11;11;11;12;12;12;12;13;14;14;15;15;15;16;18;18;19;19;20;21;22;23;24;29;30;31;
SEtot: 639
FCcount= 1413 idOk: 1221

 Simulating SNR=3.40
Pos Ok but not corrected:4.40e-08 | FER:5.21e-06 | BEMin:  7 | BEMax: 29 | BE/FE: 13 | SE/FE: 11 | It:3.0 | FPS:210960
F: 8975438 | FE: 50 | BER:4.22e-08 | FER:5.57e-06 | BEMin:  3 | BEMax: 29 | BE/FE: 11 | SE/FE: 10 | It:3.0 | FPS:2094

BE: 3;4;5;6;6;6;7;7;7;7;7;7;7;8;8;8;8;8;8;8;9;9;9;10;10;10;10;10;10;10;11;11;11;12;12;13;13;13;15;15;16;17;18;18;19;21;21;23;29;29;

SE: 3;4;4;5;5;5;5;5;6;6;6;6;7;7;7;7;7;7;7;8;8;8;8;8;8;8;8;9;9;9;9;9;9;9;10;10;11;11;13;13;14;14;15;17;17;18;19;19;25;25;
SEtot: 487
FCcount= 2682 idOk: 2313

 Simulating SNR=3.60
Pos Ok but not corrected:1.27e-08 | FER:2.03e-06 | BEMin:  4 | BEMax: 24 | BE/FE:  9 | SE/FE:  8 | It:2.8 | FPS:227243
F: 32926521 | FE: 50 | BER:1.02e-08 | FER:1.52e-06 | BEMin:  3 | BEMax: 25 | BE/FE: 10 | SE/FE:  9 | It:2.8 | FPS:2278

BE: 3;4;4;5;5;6;6;7;7;7;7;7;7;7;7;7;7;7;8;8;8;8;8;8;9;9;9;9;9;9;9;10;10;10;11;11;11;11;12;13;14;14;16;16;16;18;19;22;24;25;

SE: 3;4;4;4;5;5;5;5;5;5;5;5;5;6;6;6;6;6;7;7;7;7;7;7;7;7;7;7;8;8;8;8;9;9;9;9;10;10;11;11;11;11;13;13;15;15;18;20;21;23;
SEtot: 430
FCcount= 2309 idOk: 2050

 Simulating SNR=3.80
Pos Ok but not corrected:1.84e-09 | FER:3.61e-07 | BEMin:  6 | BEMax:  9 | BE/FE:  8 | SE/FE:  7 | It:2.6 | FPS:2533569
Pos Ok but not correctedR:2.72e-09 | FER:4.96e-07 | BEMin:  5 | BEMax: 16 | BE/FE:  8 | SE/FE:  7 | It:2.6 | FPS:2514
Pos Ok but not correctedR:2.64e-09 | FER:4.91e-07 | BEMin:  5 | BEMax: 16 | BE/FE:  8 | SE/FE:  7 | It:2.6 | FPS:2512
Pos Ok but not correctedR:2.48e-09 | FER:4.73e-07 | BEMin:  3 | BEMax: 16 | BE/FE:  8 | SE/FE:  6 | It:2.6 | FPS:2506
Pos Ok but not correctedR:2.73e-09 | FER:4.88e-07 | BEMin:  2 | BEMax: 24 | BE/FE:  8 | SE/FE:  7 | It:2.6 | FPS:2514
F: 100452405 | FE: 50 | BER:2.73e-09 | FER:4.98e-07 | BEMin:  2 | BEMax: 24 | BE/FE:  8 | SE/FE:  7 | It:2.6 | FPS:2514

BE: 2;3;4;4;4;5;5;5;5;6;6;6;6;7;7;7;7;7;7;7;7;7;7;7;7;8;8;8;8;8;8;8;9;9;9;9;10;10;10;10;10;10;11;12;12;12;12;16;16;24;

SE: 2;3;3;3;3;4;4;4;4;4;4;5;5;5;5;5;5;5;5;6;6;6;6;6;6;6;7;7;7;7;7;7;7;7;7;7;8;8;9;9;9;9;9;10;10;10;11;13;14;22;
SEtot: 341
FCcount= 1930 idOk: 1757

 Simulating SNR=4.00
Pos Ok but not correctedER:8.73e-10 | FER:1.53e-07 | BEMin:  4 | BEMax: 15 | BE/FE:  9 | SE/FE:  7 | It:2.4 | FPS:30153
Pos Ok but not correctedER:8.72e-10 | FER:1.58e-07 | BEMin:  4 | BEMax: 15 | BE/FE:  8 | SE/FE:  7 | It:2.4 | FPS:3071
F: 286901975 | FE: 50 | BER:9.43e-10 | FER:1.74e-07 | BEMin:  2 | BEMax: 15 | BE/FE:  8 | SE/FE:  7 | It:2.4 | FPS:3333

BE: 2;4;4;4;5;5;6;6;6;7;7;7;7;7;7;7;7;7;7;7;7;7;7;8;8;8;8;8;8;9;9;9;9;9;9;9;10;10;10;10;10;10;10;10;11;12;12;13;13;15;

SE: 2;3;3;3;4;4;4;4;5;5;5;5;5;5;5;6;6;6;6;6;6;6;6;6;6;7;7;7;7;7;7;7;8;8;8;8;9;9;9;9;9;9;9;10;10;10;10;11;11;11;
SEtot: 339
FCcount= 1730 idOk: 1588

 Simulating SNR=4.20
Pos Ok but not correctedER:1.96e-10 | FER:4.28e-08 | BEMin:  4 | BEMax:  9 | BE/FE:  7 | SE/FE:  6 | It:2.2 | FPS:414848
Pos Ok but not correctedER:1.70e-10 | FER:3.88e-08 | BEMin:  2 | BEMax:  9 | BE/FE:  7 | SE/FE:  5 | It:2.2 | FPS:4148
Pos Ok but not correctedER:2.01e-10 | FER:4.42e-08 | BEMin:  2 | BEMax: 11 | BE/FE:  7 | SE/FE:  6 | It:2.2 | FPS:4138
Pos Ok but not correctedER:2.09e-10 | FER:4.33e-08 | BEMin:  2 | BEMax: 14 | BE/FE:  7 | SE/FE:  6 | It:2.2 | FPS:4136
Pos Ok but not correctedER:2.12e-10 | FER:4.15e-08 | BEMin:  2 | BEMax: 17 | BE/FE:  8 | SE/FE:  6 | It:2.2 | FPS:4131
Pos Ok but not correctedER:2.17e-10 | FER:4.24e-08 | BEMin:  2 | BEMax: 17 | BE/FE:  8 | SE/FE:  6 | It:2.2 | FPS:4132
F: 1166024666 | FE: 50 | BER:2.16e-10 | FER:4.29e-08 | BEMin:  2 | BEMax: 17 | BE/FE:  8 | SE/FE:  6 | It:2.2 | FPS:4135

BE: 2;2;2;2;4;4;4;5;6;6;6;6;6;6;7;7;7;7;7;7;7;7;7;7;7;7;7;7;7;7;8;8;8;8;8;9;9;9;9;10;10;10;10;11;11;11;12;13;14;17;

SE: 2;2;2;2;3;3;3;3;4;4;4;4;5;5;5;5;5;5;5;5;5;5;5;5;5;5;6;6;6;6;6;6;7;7;7;7;7;8;8;8;9;9;9;9;10;10;10;11;12;12;
SEtot: 302
FCcount= 2250 idOk: 2098
 ====================================
| SIMULATION (FER over EbN0)  
| Mar  6 2017 17:47:35
|   Begin: 4  Step: 0.2  End:5.41
|   Standard: DVB_RCS1   
|   Its=8 R=67 N=752 SF=0.85 SC=0
 ====================================

 Simulating SNR=4.00
F:  31950 | FE: 50 | BER:1.50e-05 | FER:1.56e-03 | BEMin:  3 | BEMax: 35 | BE/FE: 14 | SE/FE: 14 | It:3.2 | FPS:3072

BE: 3;5;5;5;6;6;6;6;7;7;7;8;8;8;8;8;9;10;10;10;10;10;10;11;11;12;13;13;14;14;15;15;15;16;18;19;19;20;21;22;23;24;25;25;26;28;30;31;33;35;

SE: 3;5;5;5;6;6;6;6;6;7;7;7;8;8;8;8;9;9;9;9;9;10;10;10;11;11;11;12;13;14;15;15;15;16;16;18;18;18;20;21;21;23;24;24;25;25;30;31;32;35;
SEtot: 690
FCcount= 211 idOk: 153

 Simulating SNR=4.20
F: 230831 | FE: 50 | BER:1.61e-06 | FER:2.17e-04 | BEMin:  2 | BEMax: 30 | BE/FE: 11 | SE/FE: 11 | It:2.9 | FPS:332476

BE: 2;4;5;5;5;5;5;5;6;6;6;6;6;6;7;8;8;8;8;8;8;8;8;8;9;9;9;10;11;12;12;12;12;12;12;12;13;13;13;14;17;17;18;19;20;23;23;25;30;30;

SE: 2;3;3;4;5;5;5;5;5;5;6;6;6;6;7;7;7;7;7;7;8;8;8;8;8;8;9;10;10;10;11;11;11;12;12;12;12;13;13;14;16;17;18;18;18;21;23;25;27;30;
SEtot: 529
FCcount= 418 idOk: 327

 Simulating SNR=4.40
F: 917322 | FE: 50 | BER:3.47e-07 | FER:5.45e-05 | BEMin:  2 | BEMax: 29 | BE/FE: 10 | SE/FE:  9 | It:2.6 | FPS:3711

BE: 2;2;3;4;4;4;4;5;5;5;5;5;5;6;6;6;6;7;7;7;7;7;8;9;9;9;9;9;9;9;9;10;10;10;10;11;11;13;13;13;14;14;14;15;15;16;22;23;24;29;

SE: 2;2;3;3;3;3;4;4;5;5;5;5;5;5;5;6;6;6;6;6;7;7;7;8;8;8;8;9;9;9;9;9;9;10;10;10;10;10;12;12;13;13;13;14;14;16;21;21;22;28;
SEtot: 445
FCcount= 458 idOk: 385

 Simulating SNR=4.60
Pos Ok but not corrected:5.11e-08 | FER:1.09e-05 | BEMin:  2 | BEMax: 15 | BE/FE:  7 | SE/FE:  7 | It:2.4 | FPS:407996
F: 4536593 | FE: 50 | BER:5.23e-08 | FER:1.10e-05 | BEMin:  2 | BEMax: 19 | BE/FE:  7 | SE/FE:  7 | It:2.4 | FPS:4077

BE: 2;3;3;3;3;3;3;3;4;5;5;5;5;5;5;5;6;6;6;6;6;6;6;6;6;6;7;7;7;7;7;7;7;7;8;8;9;9;9;9;10;11;11;11;12;12;12;14;15;19;

SE: 2;2;3;3;3;3;3;3;4;4;4;5;5;5;5;5;5;6;6;6;6;6;6;6;6;6;6;7;7;7;7;7;7;7;7;8;8;8;8;8;9;10;10;11;11;11;12;14;14;15;
SEtot: 337
FCcount= 671 idOk: 555

 Simulating SNR=4.80
F: 12380296 | FE: 50 | BER:1.92e-08 | FER:4.04e-06 | BEMin:  2 | BEMax: 23 | BE/FE:  7 | SE/FE:  7 | It:2.3 | FPS:4386

BE: 2;3;3;3;3;3;3;3;3;3;4;4;4;4;5;5;5;5;5;5;6;6;6;6;7;7;7;7;7;7;7;7;8;8;8;8;8;8;9;9;9;9;9;10;11;12;15;18;20;23;

SE: 2;3;3;3;3;3;3;3;3;3;3;3;4;4;4;4;5;5;5;5;5;6;6;6;6;6;6;7;7;7;7;7;8;8;8;8;8;8;8;8;9;9;9;10;11;11;14;17;19;21;
SEtot: 341
FCcount= 578 idOk: 490

 Simulating SNR=5.00
F: 46502465 | FE: 50 | BER:4.58e-09 | FER:1.08e-06 | BEMin:  3 | BEMax: 18 | BE/FE:  6 | SE/FE:  6 | It:2.2 | FPS:4622

BE: 3;3;3;3;3;3;4;4;4;4;4;4;5;5;5;5;5;5;5;5;5;5;5;6;6;6;6;6;6;6;6;6;7;7;7;7;7;7;8;9;9;9;9;9;10;10;11;11;14;18;

SE: 3;3;3;3;3;3;3;3;3;4;4;4;4;4;5;5;5;5;5;5;5;5;5;6;6;6;6;6;6;6;6;6;6;7;7;7;7;7;7;7;8;9;9;9;9;9;9;10;14;17;
SEtot: 304
FCcount= 710 idOk: 599

 Simulating SNR=5.20
F: 119647970 | FE: 50 | BER:1.58e-09 | FER:4.18e-07 | BEMin:  3 | BEMax: 11 | BE/FE:  6 | SE/FE:  5 | It:2.1 | FPS:4437

BE: 3;3;3;3;3;3;3;3;3;3;3;3;3;4;4;5;5;5;5;5;5;5;5;5;6;6;6;6;6;6;6;6;6;6;6;7;7;7;7;7;8;8;8;8;9;9;9;10;11;11;

SE: 3;3;3;3;3;3;3;3;3;3;3;3;3;4;4;4;5;5;5;5;5;5;5;5;5;5;5;5;6;6;6;6;6;6;6;6;6;6;7;7;7;7;8;8;8;8;9;9;10;10;
SEtot: 269
FCcount= 600 idOk: 528

 Simulating SNR=5.40
Pos Ok but not correctedER:2.15e-10 | FER:5.61e-08 | BEMin:  3 | BEMax: 11 | BE/FE:  6 | SE/FE:  6 | It:2.1 | FPS:296107
Pos Ok but not correctedER:3.25e-10 | FER:1.02e-07 | BEMin:  3 | BEMax: 11 | BE/FE:  5 | SE/FE:  5 | It:2.1 | FPS:3219
F: 449799779 | FE: 50 | BER:3.61e-10 | FER:1.11e-07 | BEMin:  3 | BEMax: 11 | BE/FE:  5 | SE/FE:  5 | It:2.1 | FPS:3440

BE: 3;3;3;3;3;3;3;3;3;3;3;3;3;3;3;3;3;3;4;4;4;4;4;4;4;5;5;5;5;5;5;5;5;6;6;6;6;6;6;6;6;7;7;7;7;8;8;9;10;11;

SE: 3;3;3;3;3;3;3;3;3;3;3;3;3;3;3;3;3;3;3;4;4;4;4;4;4;4;5;5;5;5;5;5;5;5;5;5;6;6;6;6;6;6;6;7;7;8;8;8;9;11;
SEtot: 235
FCcount= 778 idOk: 680
