 ====================================
| SIMULATION (FER over EbN0)  
| Mar  6 2017 17:55:49
|   Begin: 1.4  Step: 0.2  End:2.61
|   Standard: DVB_RCS1   
|   Its=8 R=12 N=752 SF=0.85 SC=0
 ====================================

 Simulating SNR=1.40
Pos Ok but not corrected5.69e-05 | FER:2.62e-03 | BEMin:  3 | BEMax:145 | BE/FE: 33 | SE/FE: 26 | It:4.8 | FPS:1365
F:  18381 | FE: 50 | BER:6.50e-05 | FER:2.72e-03 | BEMin:  3 | BEMax:145 | BE/FE: 36 | SE/FE: 28 | It:4.8 | FPS:1365

BE: 3;3;4;4;7;7;7;7;9;10;10;10;11;11;12;12;12;12;14;15;16;16;17;18;22;25;27;27;28;29;31;34;35;36;37;44;45;46;49;53;55;66;76;83;93;97;108;124;136;145;

SE: 2;2;3;4;5;5;5;5;7;7;7;7;7;8;8;8;9;9;10;10;10;12;13;14;16;18;20;21;21;25;25;26;27;30;30;34;35;36;37;39;42;53;57;68;71;82;95;100;107;112;
SEtot: 1404
FCcount= 1935 idOk: 1600

 Simulating SNR=1.60
Pos Ok but not corrected
F: 181975 | FE: 50 | BER:4.80e-06 | FER:2.75e-04 | BEMin:  4 | BEMax:133 | BE/FE: 26 | SE/FE: 21 | It:4.3 | FPS:1684

BE: 4;6;6;6;6;6;7;9;9;10;10;10;10;11;11;11;12;12;12;12;13;13;13;15;15;16;16;16;16;18;18;18;20;20;21;23;23;23;27;29;30;44;47;60;66;74;78;98;132;133;

SE: 3;4;4;5;5;5;6;6;7;7;7;7;7;8;8;8;8;8;8;9;9;10;10;11;11;11;12;12;13;13;13;14;15;15;15;16;16;19;21;21;23;33;35;42;54;59;61;84;115;117;
SEtot: 1030
FCcount= 5669 idOk: 4754

 Simulating SNR=1.80
F: 1741266 | FE: 50 | BER:2.67e-07 | FER:2.87e-05 | BEMin:  3 | BEMax: 51 | BE/FE: 14 | SE/FE: 10 | It:3.9 | FPS:17730

BE: 3;4;5;5;6;7;7;7;8;8;8;8;8;9;9;10;11;11;11;11;12;12;12;12;12;12;14;14;14;14;14;15;15;15;16;16;17;18;19;19;20;20;21;21;21;22;23;23;30;51;

SE: 2;4;4;4;4;4;5;5;5;5;5;6;6;6;6;7;7;8;8;9;9;9;9;9;9;10;10;10;10;11;11;11;12;12;12;13;13;14;14;14;15;15;15;15;16;17;17;20;22;40;
SEtot: 524
FCcount= 11326 idOk: 9760

 Simulating SNR=2.00
F: 5701125 | FE: 50 | BER:7.30e-08 | FER:8.77e-06 | BEMin:  4 | BEMax: 23 | BE/FE: 13 | SE/FE:  9 | It:3.6 | FPS:17857

BE: 4;7;7;8;8;9;9;9;9;9;9;9;9;9;9;10;10;10;10;11;11;11;11;11;12;12;12;12;12;12;12;13;13;13;14;15;15;15;15;15;15;17;18;18;19;20;21;21;23;23;

SE: 4;5;5;6;6;6;6;6;6;6;6;6;7;7;7;7;7;7;7;7;8;8;8;8;8;8;8;9;9;9;9;10;10;10;11;11;11;12;12;12;12;13;13;14;14;14;15;15;17;21;
SEtot: 463
FCcount= 6860 idOk: 6049

 Simulating SNR=2.20
Pos Ok but not corrected:5.86e-09 | FER:8.39e-07 | BEMin:  4 | BEMax: 14 | BE/FE: 10 | SE/FE:  8 | It:3.3 | FPS:1944950
Pos Ok but not correctedR:7.66e-09 | FER:1.07e-06 | BEMin:  4 | BEMax: 17 | BE/FE: 11 | SE/FE:  8 | It:3.3 | FPS:1936
Pos Ok but not correctedR:8.48e-09 | FER:1.23e-06 | BEMin:  4 | BEMax: 18 | BE/FE: 10 | SE/FE:  8 | It:3.3 | FPS:1944
F: 39230599 | FE: 50 | BER:9.37e-09 | FER:1.27e-06 | BEMin:  3 | BEMax: 21 | BE/FE: 11 | SE/FE:  8 | It:3.3 | FPS:1954

BE: 3;4;5;5;6;6;6;8;8;8;9;9;9;9;9;9;9;9;9;10;10;10;11;11;11;11;11;12;12;12;12;12;12;13;13;13;13;13;13;13;14;14;14;15;16;17;18;18;18;21;

SE: 3;3;3;4;4;4;5;5;6;6;6;6;6;6;6;7;7;7;7;7;7;7;8;8;8;8;8;9;9;9;9;9;9;9;9;10;10;10;10;10;10;10;10;11;12;12;13;13;13;13;
SEtot: 401
FCcount= 8731 idOk: 7708

 Simulating SNR=2.40
Pos Ok but not correctedER:2.45e-09 | FER:3.37e-07 | BEMin:  4 | BEMax: 19 | BE/FE: 11 | SE/FE:  8 | It:3.1 | FPS:21693
F: 147317607 | FE: 50 | BER:2.35e-09 | FER:3.39e-07 | BEMin:  4 | BEMax: 19 | BE/FE: 10 | SE/FE:  8 | It:3.1 | FPS:2230

BE: 4;4;4;6;6;6;7;7;7;7;7;8;8;8;8;8;9;9;9;9;9;9;9;9;10;10;10;10;10;11;11;11;11;12;12;12;13;13;13;13;14;14;15;15;16;16;16;17;19;19;

SE: 3;3;3;4;4;4;4;5;5;5;5;6;6;6;6;6;6;6;6;6;6;6;6;7;7;7;7;7;7;7;8;8;8;9;9;9;9;10;10;10;11;11;11;11;11;12;12;13;13;14;
SEtot: 375
FCcount= 7163 idOk: 6328

 Simulating SNR=2.60
Pos Ok but not correctedR:4.51e-10 | FER:6.95e-08 | BEMin:  9 | BEMax: 10 | BE/FE: 10 | SE/FE:  7 | It:3.0 | FPS:264785
Pos Ok but not correctedER:5.82e-10 | FER:7.61e-08 | BEMin:  7 | BEMax: 19 | BE/FE: 12 | SE/FE:  8 | It:3.0 | FPS:2580
F:463282176 | FE: 40 | BER:6.63e-10 | FER:8.63e-08 | BEMin:  5 | BEMax: 26 | BE/FE: 12 | SE/FE:  8 | It:3.0 | FPS:2542
