----------------------
Number of frames OK and finally false: 0
----------------------
-- Osc per ite (false fr) --
--- Nat Nat               --
Ite	f0	f1	f2	f3	f4	f5	f6	f7	f8	f9	f10	f11	f12	f13	f14	f15	f16	f17	f18	f19	f20	f21	f22	f23	f24	f25	f26	f27	f28	f29	f30	f31	f32	f33	f34	f35	f36	f37	f38	f39	f40	f41	f42	f43	f44	f45	f46	f47	f48	f49	f50	f51	f52	f53	f54	f55	f56	f57	f58	f59	f60	f61	f62	f63	f64	f65	f66	f67	f68	f69	f70	f71	f72	f73	f74	f75	f76	f77	f78	f79	f80	f81	f82	f83	f84	f85	f86	f87	f88	f89	f90	f91	f92	f93	f94	f95	f96	f97	f98	f99	
0	279	311	336	280	249	308	303	292	257	342	281	249	221	266	247	250	235	245	255	240	306	252	305	264	186	262	270	240	263	322	283	238	255	205	211	272	280	206	247	268	278	307	300	266	264	288	264	255	281	281	259	311	243	202	223	257	202	264	217	276	265	294	204	292	243	269	213	201	267	297	221	272	321	298	230	278	256	263	283	199	234	270	324	0	0	0	0	0	0	0	0	0	0	0	0	0	0	0	0	0	
1	155	201	311	202	51	256	286	145	51	343	158	155	61	92	78	63	75	101	135	142	118	146	147	48	66	57	126	46	125	316	175	119	131	69	56	97	114	33	139	118	128	259	193	42	136	98	118	104	230	40	115	263	66	61	85	230	65	108	52	61	163	193	102	225	91	102	79	23	181	69	29	118	201	296	73	52	37	99	183	62	86	129	134	0	0	0	0	0	0	0	0	0	0	0	0	0	0	0	0	0	
2	47	202	241	138	4	227	306	84	18	361	81	117	1	12	5	10	9	15	53	34	13	60	39	0	5	7	50	1	21	254	27	25	80	22	13	11	14	9	6	15	36	279	143	6	145	18	9	24	250	1	25	169	8	10	12	130	18	18	13	3	84	143	29	226	3	43	27	3	70	19	5	35	143	271	11	3	4	45	61	5	8	35	26	0	0	0	0	0	0	0	0	0	0	0	0	0	0	0	0	0	
3	10	192	272	54	0	213	284	33	0	355	13	17	2	0	0	0	6	4	2	4	0	21	20	4	2	8	19	0	4	264	0	15	15	7	19	0	1	6	0	3	9	242	54	2	170	0	1	5	257	0	1	171	0	2	0	53	11	1	1	0	9	53	13	171	0	4	5	1	9	6	2	7	106	297	9	4	1	18	8	0	0	1	18	0	0	0	0	0	0	0	0	0	0	0	0	0	0	0	0	0	
4	5	206	222	16	0	205	249	7	0	292	6	3	0	0	0	0	0	0	2	0	0	0	0	5	0	1	11	0	0	262	0	8	4	1	6	1	6	5	0	0	2	257	37	3	133	2	0	0	218	0	0	190	0	6	0	7	4	1	0	0	9	19	14	191	1	2	0	0	10	1	1	0	125	321	4	1	0	15	3	0	0	5	4	0	0	0	0	0	0	0	0	0	0	0	0	0	0	0	0	0	
5	1	176	223	6	1	234	318	0	0	258	3	1	0	0	1	0	3	2	0	0	0	0	0	1	3	0	12	0	0	300	0	4	1	0	5	1	13	3	0	3	0	258	32	3	119	1	0	0	237	0	0	268	0	6	0	3	2	1	0	0	2	25	11	159	0	0	0	0	2	2	1	0	197	294	2	0	0	6	0	0	0	5	1	0	0	0	0	0	0	0	0	0	0	0	0	0	0	0	0	0	
6	1	207	246	1	0	188	308	0	0	261	8	0	0	0	0	0	3	0	2	0	0	0	0	1	1	1	7	0	0	289	0	5	1	0	6	0	12	0	0	3	0	286	34	0	111	1	0	0	257	0	0	270	0	7	0	0	9	0	0	0	0	23	14	193	0	1	0	0	8	2	0	0	189	348	1	0	0	10	0	0	0	6	0	0	0	0	0	0	0	0	0	0	0	0	0	0	0	0	0	0	
7	0	225	236	0	0	195	306	0	0	334	4	0	0	0	0	0	0	1	0	0	0	0	0	1	1	0	8	0	0	305	0	6	1	1	11	0	9	0	1	1	0	270	13	3	155	0	0	0	268	0	0	184	0	4	0	0	6	0	0	0	0	13	6	179	0	0	0	0	7	1	0	0	193	333	0	0	0	8	0	0	0	8	0	0	0	0	0	0	0	0	0	0	0	0	0	0	0	0	0	0	
8	0	222	242	0	0	215	262	0	0	340	5	0	0	0	0	0	0	1	0	0	0	0	0	0	1	0	8	0	0	311	0	4	0	0	3	0	1	0	0	1	0	310	10	4	166	0	0	0	272	0	0	149	0	6	0	0	8	0	0	0	0	14	7	170	0	0	0	0	3	4	0	0	157	289	0	0	0	19	0	0	0	4	0	0	0	0	0	0	0	0	0	0	0	0	0	0	0	0	0	0	
9	0	193	276	1	0	212	271	0	0	288	3	0	0	0	0	0	0	1	0	0	0	0	0	0	0	0	5	0	0	305	0	2	0	0	7	0	3	0	0	2	0	265	7	1	138	1	0	0	254	0	0	209	0	4	0	0	5	0	0	0	0	18	4	198	0	1	0	0	1	2	0	0	176	278	0	0	0	12	0	0	0	5	0	0	0	0	0	0	0	0	0	0	0	0	0	0	0	0	0	0	
10	0	173	270	0	0	249	280	0	0	311	3	0	0	0	0	0	0	0	0	0	0	0	0	0	0	0	2	0	0	253	0	6	0	0	4	0	1	0	0	1	0	269	6	2	144	0	0	0	262	0	0	258	0	4	0	0	5	0	0	0	0	14	3	204	0	0	0	0	2	0	0	0	146	266	0	0	0	23	0	0	0	1	0	0	0	0	0	0	0	0	0	0	0	0	0	0	0	0	0	0	
11	0	216	264	1	0	254	252	0	0	280	1	0	0	0	0	0	0	0	0	0	0	0	0	0	0	0	4	0	0	238	0	4	0	0	7	0	0	0	0	1	0	294	6	0	125	0	0	0	246	0	0	222	0	5	0	0	5	0	0	0	0	24	2	181	0	0	0	0	3	1	0	0	143	310	0	0	0	18	0	0	0	3	0	0	0	0	0	0	0	0	0	0	0	0	0	0	0	0	0	0	
12	0	196	226	0	0	241	282	0	0	277	0	0	0	0	0	0	0	0	0	0	0	0	0	0	0	0	3	0	0	238	0	1	0	0	5	0	3	0	0	0	0	270	4	2	169	0	0	0	230	0	0	262	0	2	0	0	5	0	0	0	0	18	3	213	0	0	0	0	4	1	0	0	153	277	0	0	0	12	0	0	0	2	0	0	0	0	0	0	0	0	0	0	0	0	0	0	0	0	0	0	
13	0	185	224	0	0	232	220	0	0	303	2	0	0	0	0	0	0	0	0	0	0	0	0	0	0	0	3	0	0	220	0	0	0	0	3	0	0	0	0	2	0	253	0	0	149	0	0	0	235	0	0	228	0	0	0	0	5	0	0	0	0	15	0	221	0	0	0	0	3	0	0	0	165	270	0	0	0	9	0	0	0	1	0	0	0	0	0	0	0	0	0	0	0	0	0	0	0	0	0	0	
14	0	198	264	0	0	245	205	0	0	342	1	0	0	0	0	0	0	0	0	0	0	0	0	0	0	0	3	0	0	254	0	2	0	0	6	0	0	0	0	0	0	255	3	3	151	0	0	0	236	0	0	165	0	4	0	0	8	0	0	0	0	19	2	209	0	0	0	0	2	0	0	0	140	290	0	0	0	20	0	0	0	0	0	0	0	0	0	0	0	0	0	0	0	0	0	0	0	0	0	0	
15	0	262	232	0	0	257	218	0	0	304	1	0	0	0	0	0	0	0	0	0	0	0	0	0	0	0	2	0	0	276	0	2	0	0	6	0	1	0	0	2	0	252	4	4	163	0	0	0	237	0	0	197	0	3	0	0	9	0	0	0	0	23	0	210	0	0	0	0	1	0	0	0	194	269	1	0	0	31	0	0	0	0	0	0	0	0	0	0	0	0	0	0	0	0	0	0	0	0	0	0	
16	0	236	275	0	0	216	243	0	0	322	2	0	0	0	0	0	0	0	0	0	0	0	0	0	0	0	1	0	0	269	0	0	0	0	3	0	0	0	0	0	0	266	4	1	169	0	0	0	256	0	0	187	0	2	0	0	6	0	0	0	0	19	0	260	0	0	0	0	3	0	0	0	212	284	0	0	0	30	0	0	0	0	0	0	0	0	0	0	0	0	0	0	0	0	0	0	0	0	0	0	
17	0	193	282	0	0	230	264	0	0	302	0	0	0	0	0	0	0	0	0	0	0	0	0	0	0	0	0	0	0	216	0	2	0	0	2	0	1	0	0	0	0	275	4	2	215	0	0	0	220	0	0	184	0	4	0	0	7	0	0	0	0	14	0	261	0	0	0	0	0	0	0	0	172	251	0	0	0	23	0	0	0	0	0	0	0	0	0	0	0	0	0	0	0	0	0	0	0	0	0	0	
18	0	207	282	0	0	199	239	0	0	312	1	0	0	0	0	0	0	0	0	0	0	0	0	0	0	0	0	0	0	203	0	2	0	0	3	0	0	0	0	0	0	297	4	0	232	0	0	0	248	0	0	191	0	0	0	0	2	0	0	0	0	11	0	260	0	0	0	0	2	0	0	0	155	269	0	0	0	15	0	0	0	0	0	0	0	0	0	0	0	0	0	0	0	0	0	0	0	0	0	0	
19	0	255	319	0	0	227	231	0	0	257	2	0	0	0	0	0	0	0	0	0	0	0	0	0	0	0	0	0	0	209	0	1	0	0	5	0	0	0	0	0	0	325	2	2	176	0	0	0	276	0	0	207	0	0	0	0	6	0	0	0	0	13	0	248	0	0	0	0	1	0	0	0	159	247	0	0	0	14	0	0	0	0	0	0	0	0	0	0	0	0	0	0	0	0	0	0	0	0	0	0	
20	0	240	316	0	0	218	161	0	0	223	0	0	0	0	0	0	0	0	0	0	0	0	0	0	0	0	0	0	0	297	0	1	0	0	5	0	0	0	0	0	0	301	3	0	133	0	0	0	231	0	0	186	0	3	0	0	4	0	0	0	0	13	0	209	0	0	0	0	2	0	0	0	149	264	0	0	0	6	0	0	0	0	0	0	0	0	0	0	0	0	0	0	0	0	0	0	0	0	0	0	
21	0	216	264	0	0	245	192	0	0	246	1	0	0	0	0	0	0	0	0	0	0	0	0	0	0	0	0	0	0	255	0	0	0	0	0	0	0	0	0	0	0	258	2	3	122	0	0	0	201	0	0	216	0	3	0	0	2	0	0	0	0	14	0	209	0	0	0	0	0	0	0	0	184	274	0	0	0	13	0	0	0	0	0	0	0	0	0	0	0	0	0	0	0	0	0	0	0	0	0	0	
22	0	218	251	0	0	240	202	0	0	284	1	0	0	0	0	0	0	0	0	0	0	0	0	0	0	0	0	0	0	279	0	1	0	0	5	0	0	0	0	0	0	312	1	4	142	0	0	0	240	0	0	211	0	2	0	0	6	0	0	0	0	14	0	192	0	0	0	0	0	0	0	0	181	248	0	0	0	28	0	0	0	0	0	0	0	0	0	0	0	0	0	0	0	0	0	0	0	0	0	0	
23	0	241	303	0	0	251	190	0	0	304	0	0	0	0	0	0	0	0	0	0	0	0	0	0	0	0	0	0	0	297	0	1	0	0	2	0	0	0	0	0	0	275	1	1	153	0	0	0	283	0	0	183	0	2	0	0	8	0	0	0	0	17	0	211	0	0	0	0	0	0	0	0	188	258	0	0	0	25	0	0	0	0	0	0	0	0	0	0	0	0	0	0	0	0	0	0	0	0	0	0	
24	0	197	305	0	0	287	214	0	0	280	0	0	0	0	0	0	0	0	0	0	0	0	0	0	0	0	0	0	0	290	0	0	0	0	2	0	0	0	0	0	0	281	1	2	159	0	0	0	263	0	0	196	0	0	0	0	6	0	0	0	0	12	0	230	0	0	0	0	0	0	0	0	150	264	0	0	0	29	0	0	0	0	0	0	0	0	0	0	0	0	0	0	0	0	0	0	0	0	0	0	
25	0	256	302	0	0	247	170	0	0	281	0	0	0	0	0	0	0	0	0	0	0	0	0	0	0	0	0	0	0	253	0	0	0	0	3	0	0	0	0	0	0	307	1	0	167	0	0	0	245	0	0	202	0	1	0	0	3	0	0	0	0	13	0	258	0	0	0	0	0	0	0	0	182	252	0	0	0	31	0	0	0	0	0	0	0	0	0	0	0	0	0	0	0	0	0	0	0	0	0	0	
26	0	298	274	0	0	247	189	0	0	229	0	0	0	0	0	0	0	0	0	0	0	0	0	0	0	0	0	0	0	270	0	0	0	0	2	0	0	0	0	0	0	292	0	2	158	0	0	0	255	0	0	204	0	1	0	0	8	0	0	0	0	11	0	256	0	0	0	0	1	0	0	0	164	253	0	0	0	14	0	0	0	0	0	0	0	0	0	0	0	0	0	0	0	0	0	0	0	0	0	0	
27	0	266	286	0	0	266	202	0	0	239	0	0	0	0	0	0	0	0	0	0	0	0	0	0	0	0	0	0	0	255	0	0	0	0	2	0	0	0	0	0	0	276	0	0	143	0	0	0	241	0	0	196	0	1	0	0	9	0	0	0	0	10	0	239	0	0	0	0	1	0	0	0	147	260	0	0	0	9	0	0	0	0	0	0	0	0	0	0	0	0	0	0	0	0	0	0	0	0	0	0	
28	0	204	275	0	0	250	183	0	0	206	0	0	0	0	0	0	0	0	0	0	0	0	0	0	0	0	0	0	0	235	0	0	0	0	6	0	0	0	0	0	0	291	0	3	151	0	0	0	254	0	0	176	0	1	0	0	7	0	0	0	0	12	0	181	0	0	0	0	0	0	0	0	171	282	0	0	0	8	0	0	0	0	0	0	0	0	0	0	0	0	0	0	0	0	0	0	0	0	0	0	
29	0	172	283	0	0	233	267	0	0	206	0	0	0	0	0	0	0	0	0	0	0	0	0	0	0	0	0	0	0	222	0	0	0	0	3	0	0	0	0	0	0	315	0	3	176	0	0	0	237	0	0	206	0	0	0	0	3	0	0	0	0	16	0	150	0	0	0	0	0	0	0	0	169	285	0	0	0	25	0	0	0	0	0	0	0	0	0	0	0	0	0	0	0	0	0	0	0	0	0	0	
30	0	176	278	0	0	255	280	0	0	226	0	0	0	0	0	0	0	0	0	0	0	0	0	0	0	0	0	0	0	248	0	0	0	0	3	0	0	0	0	0	0	259	0	0	149	0	0	0	234	0	0	220	0	0	0	0	9	0	0	0	0	9	0	132	0	0	0	0	0	0	0	0	192	294	0	0	0	32	0	0	0	0	0	0	0	0	0	0	0	0	0	0	0	0	0	0	0	0	0	0	
--- Int Int               --
Ite	f0	f1	f2	f3	f4	f5	f6	f7	f8	f9	f10	f11	f12	f13	f14	f15	f16	f17	f18	f19	f20	f21	f22	f23	f24	f25	f26	f27	f28	f29	f30	f31	f32	f33	f34	f35	f36	f37	f38	f39	f40	f41	f42	f43	f44	f45	f46	f47	f48	f49	f50	f51	f52	f53	f54	f55	f56	f57	f58	f59	f60	f61	f62	f63	f64	f65	f66	f67	f68	f69	f70	f71	f72	f73	f74	f75	f76	f77	f78	f79	f80	f81	f82	f83	f84	f85	f86	f87	f88	f89	f90	f91	f92	f93	f94	f95	f96	f97	f98	f99	
0	229	211	291	227	136	282	311	196	148	309	191	208	113	155	142	147	163	173	186	154	186	178	182	166	131	109	211	112	182	277	196	176	193	153	135	169	167	117	199	158	204	323	224	92	213	138	220	169	214	117	120	237	122	161	115	211	111	152	126	137	184	192	150	237	116	231	151	124	212	141	133	157	227	292	108	164	101	205	195	152	165	195	201	0	0	0	0	0	0	0	0	0	0	0	0	0	0	0	0	0	
1	98	195	250	185	10	284	298	100	21	331	101	153	4	25	12	37	35	55	97	68	63	106	63	21	42	19	86	13	58	262	109	58	100	51	28	15	61	17	35	52	76	286	171	3	163	40	54	53	227	10	85	216	31	27	42	179	50	37	26	9	126	155	24	223	30	77	21	26	81	59	5	71	159	298	45	8	8	75	77	34	27	64	74	0	0	0	0	0	0	0	0	0	0	0	0	0	0	0	0	0	
2	11	198	239	94	2	233	288	35	5	330	41	61	0	5	0	3	10	1	11	10	1	39	10	8	9	5	7	2	10	271	9	10	26	6	17	0	2	4	0	13	10	244	77	5	183	4	3	6	251	3	4	170	2	9	1	77	3	6	3	0	38	96	9	192	0	5	11	1	14	8	2	24	98	261	4	8	1	28	18	0	5	5	38	0	0	0	0	0	0	0	0	0	0	0	0	0	0	0	0	0	
3	2	171	211	29	3	200	295	3	0	322	2	1	0	1	0	0	2	0	0	1	0	1	1	6	1	5	3	0	9	272	1	4	6	1	6	0	6	3	0	5	0	255	40	2	195	3	2	3	219	0	0	178	1	1	0	14	0	2	0	0	5	21	15	163	0	4	1	1	4	7	1	5	72	319	3	1	0	15	12	0	2	2	9	0	0	0	0	0	0	0	0	0	0	0	0	0	0	0	0	0	
4	0	163	242	8	0	171	298	0	0	271	7	0	0	0	0	0	0	1	0	0	0	2	0	6	0	1	3	0	2	242	0	2	2	0	2	0	6	1	0	6	0	231	26	5	154	1	0	1	222	0	0	216	1	11	0	5	0	1	0	0	3	14	11	196	0	0	0	0	3	5	0	0	150	316	2	2	0	14	3	0	1	1	1	0	0	0	0	0	0	0	0	0	0	0	0	0	0	0	0	0	
5	0	179	244	1	0	218	323	0	0	255	5	0	0	1	0	0	0	2	0	0	0	2	0	7	0	0	0	0	0	241	0	1	1	0	2	0	6	0	0	4	0	262	27	1	150	0	0	0	226	0	0	265	0	4	0	0	0	0	0	0	4	21	7	183	0	0	0	0	2	5	0	0	180	248	0	0	0	6	2	0	0	4	0	0	0	0	0	0	0	0	0	0	0	0	0	0	0	0	0	0	
6	0	233	218	2	0	199	337	0	0	252	4	0	0	0	0	0	0	0	1	0	0	0	0	8	0	1	1	0	1	243	0	3	0	0	11	0	6	0	0	3	0	275	16	5	168	1	0	0	279	0	0	200	0	6	0	1	2	0	0	0	1	17	8	184	0	1	0	0	5	3	0	0	177	306	0	0	0	6	0	0	0	1	0	0	0	0	0	0	0	0	0	0	0	0	0	0	0	0	0	0	
7	0	243	237	0	0	190	301	0	0	313	1	0	0	0	0	0	0	0	0	0	0	0	0	3	0	0	3	0	0	241	1	1	0	0	5	0	1	0	0	0	0	267	10	2	196	0	0	0	245	0	0	158	0	8	0	1	0	0	0	0	1	17	8	174	0	0	1	0	1	2	0	0	165	319	0	0	0	7	0	0	0	4	0	0	0	0	0	0	0	0	0	0	0	0	0	0	0	0	0	0	
8	0	191	259	0	0	210	303	0	0	269	1	0	0	0	0	0	0	0	0	0	0	0	0	2	0	0	1	0	0	211	0	1	0	0	5	0	4	0	0	2	0	299	11	5	170	0	0	0	202	0	0	153	0	2	0	0	2	0	0	0	0	17	3	226	0	1	0	0	1	3	0	0	126	271	0	0	0	12	0	0	0	1	0	0	0	0	0	0	0	0	0	0	0	0	0	0	0	0	0	0	
9	0	193	249	0	0	255	301	0	0	269	0	0	0	0	0	0	0	0	0	0	0	0	0	3	0	0	1	0	0	235	0	1	2	0	8	0	0	0	0	1	0	290	9	4	131	0	0	0	232	0	0	191	0	7	0	0	0	0	0	0	2	19	5	218	0	0	0	0	2	1	0	0	146	290	0	0	0	10	0	0	0	2	0	0	0	0	0	0	0	0	0	0	0	0	0	0	0	0	0	0	
10	0	214	253	0	0	243	256	0	0	276	0	0	0	0	0	0	0	0	0	0	0	0	0	0	0	0	1	0	1	263	0	0	0	0	4	0	1	0	0	1	0	280	7	2	132	0	0	0	255	0	0	248	0	3	0	0	0	0	0	0	0	24	2	194	0	0	0	0	0	2	0	0	119	294	0	0	0	14	0	0	0	1	0	0	0	0	0	0	0	0	0	0	0	0	0	0	0	0	0	0	
11	0	206	235	0	0	235	251	0	0	251	0	0	0	0	0	0	0	0	0	0	0	0	0	1	0	0	0	0	0	207	0	1	0	0	4	0	2	0	0	0	0	259	6	6	171	0	0	0	233	0	0	229	0	6	0	0	1	0	0	0	2	16	2	188	0	0	0	0	0	0	0	0	107	299	0	0	0	8	0	0	0	1	0	0	0	0	0	0	0	0	0	0	0	0	0	0	0	0	0	0	
12	0	197	238	0	0	242	221	0	0	234	0	0	0	0	0	0	0	0	0	0	0	0	0	1	0	0	0	0	0	171	0	1	0	0	6	0	1	0	0	0	0	276	5	0	189	0	0	0	234	0	0	200	0	6	0	0	0	0	0	0	0	31	2	196	0	0	0	0	1	1	0	0	122	277	0	0	0	4	0	0	0	1	0	0	0	0	0	0	0	0	0	0	0	0	0	0	0	0	0	0	
13	0	212	247	0	0	217	193	0	0	278	0	0	0	0	0	0	0	0	0	0	0	0	0	0	0	0	0	0	0	213	0	0	0	0	3	0	1	0	0	1	0	276	4	5	197	0	0	0	193	0	0	173	0	5	0	0	1	0	0	0	0	12	1	221	0	0	0	0	0	1	0	0	128	297	0	0	0	8	0	0	0	0	0	0	0	0	0	0	0	0	0	0	0	0	0	0	0	0	0	0	
14	0	221	252	0	0	271	192	0	0	304	0	0	0	0	0	0	0	0	0	0	0	0	0	0	0	0	0	0	0	259	0	1	0	0	5	0	0	0	0	0	0	285	5	2	192	0	0	0	214	0	0	178	0	2	0	0	0	0	0	0	0	17	1	205	0	0	0	0	0	0	0	0	147	303	0	0	0	19	0	0	0	0	0	0	0	0	0	0	0	0	0	0	0	0	0	0	0	0	0	0	
15	0	257	265	0	0	228	205	0	0	298	0	0	0	0	0	0	0	0	0	0	0	0	0	0	0	0	0	0	0	269	0	1	0	0	3	0	0	0	0	1	0	264	5	5	161	0	0	0	264	0	0	194	0	2	0	0	1	0	0	0	0	17	0	240	0	0	0	0	1	0	0	0	152	278	0	0	0	34	0	0	0	0	0	0	0	0	0	0	0	0	0	0	0	0	0	0	0	0	0	0	
16	0	208	260	0	0	232	264	0	0	318	0	0	0	0	0	0	0	0	0	0	0	0	0	0	0	0	0	0	0	226	0	0	0	0	5	0	1	0	0	0	0	300	2	4	196	0	0	0	267	0	0	204	0	5	0	0	1	0	0	0	0	10	0	270	0	0	0	0	0	0	0	0	151	266	0	0	0	25	0	0	0	0	0	0	0	0	0	0	0	0	0	0	0	0	0	0	0	0	0	0	
17	0	178	278	0	0	178	230	0	0	288	0	0	0	0	0	0	0	0	0	0	0	0	0	0	0	0	0	0	0	187	0	1	0	0	1	0	0	0	0	0	0	277	1	1	229	0	0	0	248	0	0	172	0	1	0	0	2	0	0	0	0	24	0	247	0	0	0	0	0	0	0	0	143	291	0	0	0	10	0	0	0	0	0	0	0	0	0	0	0	0	0	0	0	0	0	0	0	0	0	0	
18	0	220	315	0	0	185	220	0	0	256	0	0	0	0	0	0	0	0	0	0	0	0	0	0	0	0	0	0	0	203	0	1	0	0	6	0	1	0	0	0	0	328	3	5	214	0	0	0	226	0	0	188	0	4	0	0	0	0	0	0	0	11	0	257	0	0	0	0	0	0	0	0	145	289	0	0	0	9	0	0	0	0	0	0	0	0	0	0	0	0	0	0	0	0	0	0	0	0	0	0	
19	0	240	284	0	0	207	227	0	0	200	0	0	0	0	0	0	0	0	0	0	0	0	0	0	0	0	0	0	0	271	0	1	0	0	3	0	0	0	0	0	0	291	1	0	189	0	0	0	241	0	0	171	0	3	0	0	0	0	0	0	0	13	0	241	0	0	0	0	0	0	0	0	156	266	0	0	0	6	0	0	0	0	0	0	0	0	0	0	0	0	0	0	0	0	0	0	0	0	0	0	
20	0	197	281	0	0	255	193	0	0	228	0	0	0	0	0	0	0	0	0	0	0	0	0	0	0	0	0	0	0	246	0	1	0	0	3	0	0	0	0	0	0	274	0	5	166	0	0	0	213	0	0	172	0	1	0	0	0	0	0	0	0	13	0	204	0	0	0	0	0	0	0	0	154	302	0	0	0	6	0	0	0	0	0	0	0	0	0	0	0	0	0	0	0	0	0	0	0	0	0	0	
21	0	189	277	0	0	202	191	0	0	251	0	0	0	0	0	0	0	0	0	0	0	0	0	0	0	0	0	0	0	265	0	0	0	0	2	0	0	0	0	0	0	266	0	3	157	0	0	0	207	0	0	202	0	2	0	0	1	0	0	0	0	7	0	154	0	0	0	0	0	0	0	0	182	248	0	0	0	11	0	0	0	0	0	0	0	0	0	0	0	0	0	0	0	0	0	0	0	0	0	0	
22	0	245	262	0	0	238	206	0	0	241	0	0	0	0	0	0	0	0	0	0	0	0	0	0	0	0	0	0	0	263	0	0	0	0	2	0	0	0	0	0	0	272	0	4	195	0	0	0	233	0	0	173	0	3	0	0	1	0	0	0	0	12	0	193	0	0	0	0	0	0	0	0	163	285	0	0	0	22	0	0	0	0	0	0	0	0	0	0	0	0	0	0	0	0	0	0	0	0	0	0	
23	0	223	259	0	0	266	215	0	0	230	0	0	0	0	0	0	0	0	0	0	0	0	0	0	0	0	0	0	0	278	0	0	0	0	2	0	0	0	0	0	0	268	0	4	202	0	0	0	268	0	0	198	0	3	0	0	0	0	0	0	0	12	0	209	0	0	0	0	0	0	0	0	147	308	0	0	0	28	0	0	0	0	0	0	0	0	0	0	0	0	0	0	0	0	0	0	0	0	0	0	
24	0	203	278	0	0	231	164	0	0	229	0	0	0	0	0	0	0	0	0	0	0	0	0	0	0	0	0	0	0	224	0	0	0	0	3	0	0	0	0	0	0	283	0	1	212	0	0	0	244	0	0	194	0	4	0	0	0	0	0	0	0	12	0	241	0	0	0	0	0	0	0	0	155	290	0	0	0	15	0	0	0	0	0	0	0	0	0	0	0	0	0	0	0	0	0	0	0	0	0	0	
25	0	213	259	0	0	205	189	0	0	212	0	0	0	0	0	0	0	0	0	0	0	0	0	0	0	0	0	0	0	261	0	0	0	0	5	0	0	0	0	0	0	320	0	5	182	0	0	0	260	0	0	183	0	0	0	0	2	0	0	0	0	9	0	215	0	0	0	0	0	0	0	0	145	250	0	0	0	14	0	0	0	0	0	0	0	0	0	0	0	0	0	0	0	0	0	0	0	0	0	0	
26	0	256	242	0	0	246	186	0	0	213	0	0	0	0	0	0	0	0	0	0	0	0	0	0	0	0	0	0	0	237	0	0	0	0	6	0	0	0	0	0	0	283	0	2	162	0	0	0	256	0	0	198	0	1	0	0	2	0	0	0	0	10	0	210	0	0	0	0	0	0	0	0	138	240	0	0	0	4	0	0	0	0	0	0	0	0	0	0	0	0	0	0	0	0	0	0	0	0	0	0	
27	0	239	249	0	0	240	190	0	0	216	0	0	0	0	0	0	0	0	0	0	0	0	0	0	0	0	0	0	0	222	0	0	0	0	0	0	0	0	0	0	0	306	0	3	150	0	0	0	224	0	0	192	0	3	0	0	0	0	0	0	0	20	0	207	0	0	0	0	0	0	0	0	133	269	0	0	0	7	0	0	0	0	0	0	0	0	0	0	0	0	0	0	0	0	0	0	0	0	0	0	
28	0	178	219	0	0	251	217	0	0	191	0	0	0	0	0	0	0	0	0	0	0	0	0	0	0	0	0	0	0	196	0	0	0	0	2	0	0	0	0	0	0	279	0	3	178	0	0	0	205	0	0	170	0	1	0	0	0	0	0	0	0	8	0	172	0	0	0	0	0	0	0	0	147	306	0	0	0	14	0	0	0	0	0	0	0	0	0	0	0	0	0	0	0	0	0	0	0	0	0	0	
29	0	189	245	0	0	254	318	0	0	175	0	0	0	0	0	0	0	0	0	0	0	0	0	0	0	0	0	0	0	229	0	0	0	0	2	0	0	0	0	0	0	281	0	4	193	0	0	0	219	0	0	203	0	2	0	0	3	0	0	0	0	10	0	158	0	0	0	0	0	0	0	0	164	315	0	0	0	26	0	0	0	0	0	0	0	0	0	0	0	0	0	0	0	0	0	0	0	0	0	0	
30	0	185	205	0	0	228	303	0	0	203	0	0	0	0	0	0	0	0	0	0	0	0	0	0	0	0	0	0	0	211	0	0	0	0	4	0	0	0	0	0	0	272	0	4	166	0	0	0	243	0	0	201	0	1	0	0	2	0	0	0	0	11	0	166	0	0	0	0	0	0	0	0	169	276	0	0	0	24	0	0	0	0	0	0	0	0	0	0	0	0	0	0	0	0	0	0	0	0	0	0	
--- Nat Int               --
Ite	f0	f1	f2	f3	f4	f5	f6	f7	f8	f9	f10	f11	f12	f13	f14	f15	f16	f17	f18	f19	f20	f21	f22	f23	f24	f25	f26	f27	f28	f29	f30	f31	f32	f33	f34	f35	f36	f37	f38	f39	f40	f41	f42	f43	f44	f45	f46	f47	f48	f49	f50	f51	f52	f53	f54	f55	f56	f57	f58	f59	f60	f61	f62	f63	f64	f65	f66	f67	f68	f69	f70	f71	f72	f73	f74	f75	f76	f77	f78	f79	f80	f81	f82	f83	f84	f85	f86	f87	f88	f89	f90	f91	f92	f93	f94	f95	f96	f97	f98	f99	
0	337	368	453	410	185	411	456	296	183	517	307	289	174	250	212	203	206	247	306	237	286	306	299	208	186	166	333	147	290	462	355	274	298	205	190	255	280	157	321	237	299	430	414	128	316	235	293	260	394	150	208	424	170	214	204	347	165	226	176	191	333	318	243	338	199	321	201	154	324	225	158	227	345	385	165	199	141	298	364	201	240	288	306	0	0	0	0	0	0	0	0	0	0	0	0	0	0	0	0	0	
1	137	368	385	319	14	443	413	171	36	481	178	256	10	35	20	49	42	71	145	113	76	160	106	22	61	34	146	19	81	405	138	91	194	65	33	29	73	29	43	79	109	418	307	14	237	55	63	85	420	15	113	356	38	34	60	296	77	60	46	13	218	281	43	374	34	124	47	39	143	87	10	108	293	469	68	17	15	132	136	39	35	102	93	0	0	0	0	0	0	0	0	0	0	0	0	0	0	0	0	0	
2	30	359	392	150	10	370	433	65	15	451	62	86	5	10	5	6	20	5	15	19	4	62	32	9	22	18	32	5	20	405	12	26	52	20	32	5	4	21	2	18	21	415	177	7	271	9	6	10	459	6	5	309	7	13	8	141	25	9	7	1	48	159	34	317	1	14	19	14	22	25	6	34	183	424	28	22	9	66	36	6	10	7	57	0	0	0	0	0	0	0	0	0	0	0	0	0	0	0	0	0	
3	17	337	373	46	8	264	401	9	10	458	14	8	3	13	5	3	8	8	6	5	3	6	6	13	19	23	8	3	20	424	7	19	13	15	22	5	7	19	2	4	8	419	98	10	316	7	4	7	429	3	0	328	9	12	7	31	13	10	3	1	13	52	34	292	1	7	7	16	17	17	4	9	167	468	19	16	11	52	18	6	7	5	21	0	0	0	0	0	0	0	0	0	0	0	0	0	0	0	0	0	
4	10	316	332	23	11	351	445	9	10	380	20	4	3	12	5	3	8	8	6	4	3	5	5	16	20	23	16	3	13	426	8	23	9	17	30	4	19	25	2	9	10	403	105	15	280	12	6	4	394	3	0	316	10	19	7	12	9	11	3	1	21	34	61	316	0	9	6	15	25	17	6	4	254	476	16	14	11	40	5	6	7	12	8	0	0	0	0	0	0	0	0	0	0	0	0	0	0	0	0	0	
5	9	293	379	17	12	322	459	9	10	417	14	3	3	12	6	3	11	11	6	4	3	5	5	21	19	22	21	3	11	404	8	29	10	17	31	3	38	23	2	18	10	412	97	7	225	12	6	3	445	3	0	404	9	36	7	6	7	11	3	1	22	61	71	341	0	9	6	15	22	20	5	4	287	376	20	12	11	34	2	6	6	18	6	0	0	0	0	0	0	0	0	0	0	0	0	0	0	0	0	0	
6	8	349	369	17	12	296	434	9	10	395	19	3	3	11	6	3	8	13	4	4	3	7	5	17	18	23	14	3	11	414	8	33	8	17	37	3	26	23	2	17	10	432	62	6	264	13	6	3	482	3	0	349	9	39	7	6	16	11	3	1	18	37	62	319	0	8	6	15	18	17	5	4	278	438	19	12	11	36	0	6	6	28	6	0	0	0	0	0	0	0	0	0	0	0	0	0	0	0	0	0	
7	8	417	373	15	12	326	425	9	10	477	23	3	3	11	6	3	8	14	3	4	3	7	5	24	19	24	21	3	10	422	8	30	7	18	43	3	11	23	1	13	10	411	39	14	293	14	6	3	447	3	0	299	9	43	7	5	14	11	3	1	17	37	50	320	0	9	6	15	24	19	5	4	302	485	19	12	11	46	0	6	6	19	6	0	0	0	0	0	0	0	0	0	0	0	0	0	0	0	0	0	
8	8	386	400	15	12	347	444	9	10	478	23	3	3	11	6	3	8	15	3	4	3	7	5	23	18	24	22	3	10	386	7	33	7	18	39	3	13	23	1	14	10	454	27	10	285	14	6	3	392	3	0	308	9	29	7	4	20	11	3	1	16	36	53	328	0	9	5	15	24	21	5	4	248	431	19	12	11	70	0	6	6	15	6	0	0	0	0	0	0	0	0	0	0	0	0	0	0	0	0	0	
9	8	330	453	16	12	391	410	9	10	457	25	3	3	11	6	3	8	16	3	4	3	7	5	25	18	24	24	3	10	424	7	36	7	18	39	3	20	23	1	18	10	434	33	6	263	13	6	3	416	3	0	420	9	23	7	4	15	11	3	1	16	45	52	356	0	9	5	15	24	16	5	4	256	430	19	12	11	74	0	6	6	21	6	0	0	0	0	0	0	0	0	0	0	0	0	0	0	0	0	0	
10	8	348	412	16	12	423	391	9	10	389	26	3	3	11	6	3	8	16	3	4	3	7	5	22	18	24	25	3	10	392	7	29	7	18	31	3	21	23	1	18	10	457	32	12	262	13	6	3	396	3	0	403	9	28	7	4	10	11	3	1	14	60	54	332	0	9	5	15	22	17	5	4	262	444	19	12	11	49	0	6	6	22	6	0	0	0	0	0	0	0	0	0	0	0	0	0	0	0	0	0	
11	8	378	403	15	12	396	407	9	10	407	25	3	3	11	6	3	8	16	3	4	3	7	5	22	18	24	20	3	9	359	7	33	7	18	32	3	20	23	1	18	10	439	29	14	251	13	6	3	361	3	0	425	9	36	7	4	13	11	3	1	14	38	52	323	0	9	5	15	23	18	5	4	240	426	19	12	11	17	0	6	6	18	6	0	0	0	0	0	0	0	0	0	0	0	0	0	0	0	0	0	
12	8	340	394	15	12	368	410	9	10	429	25	3	3	11	6	3	8	16	3	4	3	7	5	21	18	24	21	3	9	362	7	33	7	18	37	3	15	23	1	18	10	400	29	6	301	13	6	3	364	3	0	404	9	44	7	4	15	11	3	1	12	58	49	338	0	9	5	15	25	17	5	4	262	420	19	12	11	29	0	6	6	19	6	0	0	0	0	0	0	0	0	0	0	0	0	0	0	0	0	0	
13	8	296	388	15	12	386	353	9	10	440	25	3	3	11	6	3	8	16	3	4	3	7	5	22	18	24	20	3	9	347	7	32	7	18	40	3	16	23	1	18	10	359	30	6	273	13	6	3	329	3	0	328	9	40	7	4	16	11	3	1	12	42	49	391	0	9	5	15	23	16	5	4	285	453	19	12	11	36	0	6	6	21	6	0	0	0	0	0	0	0	0	0	0	0	0	0	0	0	0	0	
14	8	346	383	15	12	406	323	9	10	410	24	3	3	11	6	3	8	16	3	4	3	7	5	22	18	24	21	3	9	386	7	34	7	18	41	3	17	23	1	19	10	376	29	14	283	13	6	3	386	3	0	290	9	31	7	4	7	11	3	1	12	53	50	365	0	9	5	15	25	17	5	4	285	430	19	12	11	64	0	6	6	21	6	0	0	0	0	0	0	0	0	0	0	0	0	0	0	0	0	0	
15	8	395	387	15	12	372	323	9	10	408	25	3	3	11	6	3	8	16	3	4	3	7	5	22	18	24	21	3	9	377	7	33	7	18	34	3	18	23	1	19	10	391	26	10	292	13	6	3	415	3	0	299	9	32	7	4	16	11	3	1	12	55	49	350	0	9	5	15	24	17	5	4	300	426	20	12	11	100	0	6	6	21	6	0	0	0	0	0	0	0	0	0	0	0	0	0	0	0	0	0	
16	8	352	413	15	12	360	401	9	10	404	25	3	3	11	6	3	8	16	3	4	3	7	5	22	18	24	22	3	9	397	7	32	7	18	34	3	18	23	1	18	10	419	29	6	270	13	6	3	437	3	0	326	9	32	7	4	13	11	3	1	12	37	49	364	0	9	5	15	26	17	5	4	280	434	20	12	11	76	0	6	6	21	6	0	0	0	0	0	0	0	0	0	0	0	0	0	0	0	0	0	
17	8	335	423	15	12	358	375	9	10	406	25	3	3	11	6	3	8	16	3	4	3	7	5	22	18	24	22	3	9	315	7	34	7	18	29	3	16	23	1	18	10	456	33	12	341	13	6	3	406	3	0	312	9	41	7	4	19	11	3	1	12	39	49	355	0	9	5	15	26	17	5	4	271	467	20	12	11	54	0	6	6	21	6	0	0	0	0	0	0	0	0	0	0	0	0	0	0	0	0	0	
18	8	342	453	15	12	351	388	9	10	370	26	3	3	11	6	3	8	16	3	4	3	7	5	22	18	24	22	3	9	323	7	33	7	18	31	3	16	23	1	18	10	470	30	13	326	13	6	3	392	3	0	349	9	42	7	4	17	11	3	1	12	44	49	362	0	9	5	15	24	17	5	4	265	401	20	12	11	35	0	6	6	21	6	0	0	0	0	0	0	0	0	0	0	0	0	0	0	0	0	0	
19	8	449	435	15	12	349	377	9	10	305	24	3	3	11	6	3	8	16	3	4	3	7	5	22	18	24	22	3	9	405	7	33	7	18	38	3	17	23	1	18	10	449	29	6	262	13	6	3	362	3	0	364	9	38	7	4	11	11	3	1	12	54	49	353	0	9	5	15	25	17	5	4	245	437	20	12	11	28	0	6	6	21	6	0	0	0	0	0	0	0	0	0	0	0	0	0	0	0	0	0	
20	8	383	409	15	12	416	263	9	10	336	24	3	3	11	6	3	8	16	3	4	3	7	5	22	18	24	22	3	9	429	7	33	7	18	34	3	17	23	1	18	10	445	29	6	268	13	6	3	372	3	0	379	9	32	7	4	11	11	3	1	12	46	49	349	0	9	5	15	25	17	5	4	276	413	20	12	11	32	0	6	6	21	6	0	0	0	0	0	0	0	0	0	0	0	0	0	0	0	0	0	
21	8	338	408	15	12	376	322	9	10	418	25	3	3	11	6	3	8	16	3	4	3	7	5	22	18	24	22	3	9	428	7	32	7	18	35	3	17	23	1	18	10	469	29	14	222	13	6	3	314	3	0	351	9	32	7	4	13	11	3	1	12	39	49	320	0	9	5	15	25	17	5	4	290	421	20	12	11	49	0	6	6	21	6	0	0	0	0	0	0	0	0	0	0	0	0	0	0	0	0	0	
22	8	399	422	15	12	384	325	9	10	365	24	3	3	11	6	3	8	16	3	4	3	7	5	22	18	24	22	3	9	442	7	33	7	18	34	3	17	23	1	18	10	463	30	9	265	13	6	3	429	3	0	332	9	36	7	4	18	11	3	1	12	46	49	334	0	9	5	15	25	17	5	4	289	403	20	12	11	86	0	6	6	21	6	0	0	0	0	0	0	0	0	0	0	0	0	0	0	0	0	0	
23	8	381	425	15	12	417	371	9	10	404	24	3	3	11	6	3	8	16	3	4	3	7	5	22	18	24	22	3	9	414	7	32	7	18	32	3	17	23	1	18	10	412	29	6	271	13	6	3	445	3	0	358	9	41	7	4	9	11	3	1	12	43	49	360	0	9	5	15	25	17	5	4	262	418	20	12	11	105	0	6	6	21	6	0	0	0	0	0	0	0	0	0	0	0	0	0	0	0	0	0	
24	8	313	459	15	12	398	312	9	10	364	24	3	3	11	6	3	8	16	3	4	3	7	5	22	18	24	22	3	9	392	7	32	7	18	34	3	17	23	1	18	10	417	30	12	294	13	6	3	420	3	0	342	9	40	7	4	13	11	3	1	12	47	49	379	0	9	5	15	25	17	5	4	275	408	20	12	11	72	0	6	6	21	6	0	0	0	0	0	0	0	0	0	0	0	0	0	0	0	0	0	
25	8	378	441	15	12	386	270	9	10	322	24	3	3	11	6	3	8	16	3	4	3	7	5	22	18	24	22	3	9	417	7	32	7	18	36	3	17	23	1	18	10	437	29	13	283	13	6	3	441	3	0	316	9	35	7	4	12	11	3	1	12	48	49	330	0	9	5	15	25	17	5	4	296	434	20	12	11	40	0	6	6	21	6	0	0	0	0	0	0	0	0	0	0	0	0	0	0	0	0	0	
26	8	383	400	15	12	374	302	9	10	351	24	3	3	11	6	3	8	16	3	4	3	7	5	22	18	24	22	3	9	418	7	32	7	18	41	3	17	23	1	18	10	487	29	6	271	13	6	3	436	3	0	343	9	34	7	4	20	11	3	1	12	44	49	373	0	9	5	15	26	17	5	4	259	441	20	12	11	30	0	6	6	21	6	0	0	0	0	0	0	0	0	0	0	0	0	0	0	0	0	0	
27	8	403	380	15	12	386	316	9	10	377	24	3	3	11	6	3	8	16	3	4	3	7	5	22	18	24	22	3	9	396	7	32	7	18	33	3	17	23	1	18	10	460	29	8	264	13	6	3	415	3	0	333	9	36	7	4	9	11	3	1	12	36	49	324	0	9	5	15	25	17	5	4	250	437	20	12	11	33	0	6	6	21	6	0	0	0	0	0	0	0	0	0	0	0	0	0	0	0	0	0	
28	8	354	406	15	12	408	351	9	10	337	24	3	3	11	6	3	8	16	3	4	3	7	5	22	18	24	22	3	9	415	7	32	7	18	35	3	17	23	1	18	10	431	29	14	289	13	6	3	377	3	0	345	9	40	7	4	12	11	3	1	12	44	49	278	0	9	5	15	25	17	5	4	294	436	20	12	11	42	0	6	6	21	6	0	0	0	0	0	0	0	0	0	0	0	0	0	0	0	0	0	
29	8	356	416	15	12	380	385	9	10	352	24	3	3	11	6	3	8	16	3	4	3	7	5	22	18	24	22	3	9	391	7	32	7	18	32	3	17	23	1	18	10	431	29	10	323	13	6	3	363	3	0	387	9	39	7	4	11	11	3	1	12	52	49	278	0	9	5	15	25	17	5	4	284	481	20	12	11	79	0	6	6	21	6	0	0	0	0	0	0	0	0	0	0	0	0	0	0	0	0	0	
30	8	375	353	15	12	361	435	9	10	339	24	3	3	11	6	3	8	16	3	4	3	7	5	22	18	24	22	3	9	400	7	32	7	18	33	3	17	23	1	18	10	435	29	6	257	13	6	3	448	3	0	356	9	37	7	4	21	11	3	1	12	41	49	234	0	9	5	15	25	17	5	4	282	414	20	12	11	103	0	6	6	21	6	0	0	0	0	0	0	0	0	0	0	0	0	0	0	0	0	0	
31	0	0	0	0	0	0	0	0	0	0	0	0	0	0	0	0	0	0	0	0	0	0	0	0	0	0	0	0	0	0	0	0	0	0	0	0	0	0	0	0	0	0	0	0	0	0	0	0	0	0	0	0	0	0	0	0	0	0	0	0	0	0	0	0	0	0	0	0	0	0	0	0	0	0	0	0	0	0	0	0	0	0	0	0	0	0	0	0	0	0	0	0	0	0	0	0	0	0	0	0	
--- Int Nat               --
Ite	f0	f1	f2	f3	f4	f5	f6	f7	f8	f9	f10	f11	f12	f13	f14	f15	f16	f17	f18	f19	f20	f21	f22	f23	f24	f25	f26	f27	f28	f29	f30	f31	f32	f33	f34	f35	f36	f37	f38	f39	f40	f41	f42	f43	f44	f45	f46	f47	f48	f49	f50	f51	f52	f53	f54	f55	f56	f57	f58	f59	f60	f61	f62	f63	f64	f65	f66	f67	f68	f69	f70	f71	f72	f73	f74	f75	f76	f77	f78	f79	f80	f81	f82	f83	f84	f85	f86	f87	f88	f89	f90	f91	f92	f93	f94	f95	f96	f97	f98	f99	
0	406	431	421	438	320	459	493	370	348	497	398	364	291	378	329	321	317	358	385	335	368	352	402	376	280	340	415	309	389	458	410	376	351	310	313	361	406	285	396	319	391	427	462	328	414	369	395	371	449	349	309	433	287	288	343	364	283	334	309	329	408	402	303	374	322	364	324	297	367	386	329	339	396	377	303	361	327	393	383	296	346	388	424	0	0	0	0	0	0	0	0	0	0	0	0	0	0	0	0	0	
1	236	371	436	363	65	445	433	248	53	496	238	271	69	117	96	96	107	152	234	203	178	232	209	70	109	77	222	65	172	485	261	178	251	116	85	116	167	56	174	177	191	417	346	46	269	143	159	163	394	55	188	399	92	89	125	350	102	140	78	72	259	316	127	371	123	190	92	50	240	144	31	176	364	417	117	65	52	191	267	99	117	183	195	0	0	0	0	0	0	0	0	0	0	0	0	0	0	0	0	0	
2	51	349	381	252	10	395	447	115	29	456	129	185	6	18	10	16	21	18	64	51	15	92	53	9	27	21	68	6	37	403	39	45	122	18	31	16	14	20	8	33	47	392	250	11	252	25	11	32	457	7	30	332	11	21	20	207	35	23	20	4	124	234	27	369	4	49	36	15	90	38	7	61	240	439	33	23	11	83	91	7	16	42	65	0	0	0	0	0	0	0	0	0	0	0	0	0	0	0	0	0	
3	19	329	385	92	8	327	393	34	10	469	25	25	5	13	5	3	14	4	6	9	3	25	26	9	19	21	27	3	22	426	7	16	26	14	17	5	6	19	2	5	11	419	122	12	318	7	5	12	406	3	1	311	9	10	7	76	22	9	4	1	16	87	33	285	1	11	12	15	12	21	4	16	155	483	26	14	10	56	22	6	7	4	33	0	0	0	0	0	0	0	0	0	0	0	0	0	0	0	0	0	
4	15	326	344	25	11	296	400	8	10	394	16	7	3	12	5	3	8	8	6	4	3	5	5	15	20	24	7	3	13	438	8	23	9	16	26	5	13	20	2	9	8	422	92	12	277	10	6	4	412	3	0	324	10	13	7	19	13	12	3	1	18	43	49	293	1	9	6	15	19	18	5	4	187	495	16	15	11	51	6	6	7	7	12	0	0	0	0	0	0	0	0	0	0	0	0	0	0	0	0	0	
5	10	293	356	21	11	348	449	9	10	405	17	4	3	12	5	3	8	9	6	4	3	5	5	20	20	22	19	3	11	430	8	25	9	17	30	4	25	26	2	15	10	418	107	10	250	11	6	3	406	3	0	382	9	30	7	9	9	10	3	1	24	38	70	342	0	9	6	15	24	18	6	4	284	404	18	12	11	30	2	6	6	13	7	0	0	0	0	0	0	0	0	0	0	0	0	0	0	0	0	0	
6	9	306	361	18	12	316	474	9	10	406	15	3	3	11	6	3	11	13	6	4	3	7	5	18	19	22	21	3	11	427	8	28	9	17	33	3	34	23	2	18	10	438	86	6	239	12	6	3	479	3	0	391	9	38	7	6	7	11	3	1	18	54	68	308	0	9	6	15	24	15	5	4	293	406	20	12	11	34	0	6	6	22	6	0	0	0	0	0	0	0	0	0	0	0	0	0	0	0	0	0	
7	8	400	339	15	12	299	437	9	10	477	23	3	3	11	6	3	8	13	3	4	3	7	5	23	18	24	15	3	10	391	8	36	8	17	48	3	20	23	2	14	10	419	50	11	282	14	6	3	463	3	0	337	9	41	7	5	18	11	3	1	17	30	56	313	0	9	6	15	19	18	5	4	317	518	19	12	11	38	0	6	6	27	6	0	0	0	0	0	0	0	0	0	0	0	0	0	0	0	0	0	
8	8	406	380	15	12	350	440	9	10	472	22	3	3	11	6	3	8	14	3	4	3	7	5	23	19	24	22	3	10	453	7	29	7	18	40	3	12	23	1	13	10	448	33	14	273	14	6	3	414	3	0	297	9	35	7	4	14	11	3	1	16	44	52	322	0	9	5	15	23	21	5	4	265	472	19	12	11	51	0	6	6	15	6	0	0	0	0	0	0	0	0	0	0	0	0	0	0	0	0	0	
9	8	359	421	15	12	347	431	9	10	441	24	3	3	11	6	3	8	15	3	4	3	7	5	25	18	24	21	3	10	397	7	34	7	18	38	3	17	23	1	16	10	451	26	5	273	14	6	3	414	3	0	339	9	27	7	4	18	11	3	1	16	39	54	350	0	8	5	15	25	18	5	4	240	418	19	12	11	76	0	6	6	16	6	0	0	0	0	0	0	0	0	0	0	0	0	0	0	0	0	0	
10	8	331	432	16	12	392	409	9	10	430	25	3	3	11	6	3	8	16	3	4	3	7	5	22	18	24	25	3	10	409	7	35	7	18	33	3	20	23	1	19	10	412	32	10	274	13	6	3	422	3	0	427	9	26	7	4	15	11	3	1	14	50	53	342	0	9	5	15	22	17	5	4	248	442	19	12	11	70	0	6	6	23	6	0	0	0	0	0	0	0	0	0	0	0	0	0	0	0	0	0	
11	8	342	399	16	12	398	363	9	10	379	26	3	3	11	6	3	8	16	3	4	3	7	5	22	18	24	24	3	9	367	7	29	7	18	27	3	20	23	1	17	10	443	31	14	258	13	6	3	405	3	0	423	9	31	7	4	10	11	3	1	14	46	52	340	0	9	5	15	22	17	5	4	253	446	19	12	11	35	0	6	6	21	6	0	0	0	0	0	0	0	0	0	0	0	0	0	0	0	0	0	
12	8	366	382	15	12	385	420	9	10	424	25	3	3	11	6	3	8	16	3	4	3	7	5	21	18	24	20	3	9	358	7	34	7	18	36	3	18	23	1	18	10	422	29	8	276	13	6	3	386	3	0	386	9	42	7	4	14	11	3	1	12	48	50	319	0	9	5	15	23	18	5	4	249	401	19	12	11	21	0	6	6	17	6	0	0	0	0	0	0	0	0	0	0	0	0	0	0	0	0	0	
13	8	301	390	15	12	388	373	9	10	449	25	3	3	11	6	3	8	16	3	4	3	7	5	22	18	24	21	3	9	367	7	32	7	18	43	3	16	23	1	18	10	376	30	6	264	13	6	3	322	3	0	378	9	40	7	4	15	11	3	1	12	49	49	370	0	9	5	15	24	16	5	4	266	445	19	12	11	29	0	6	6	20	6	0	0	0	0	0	0	0	0	0	0	0	0	0	0	0	0	0	
14	8	332	387	15	12	397	336	9	10	416	25	3	3	11	6	3	8	16	3	4	3	7	5	22	18	24	20	3	9	368	7	32	7	18	41	3	17	23	1	19	10	367	28	11	290	13	6	3	362	3	0	307	9	35	7	4	15	11	3	1	12	50	50	374	0	9	5	15	23	17	5	4	289	436	19	12	11	44	0	6	6	21	6	0	0	0	0	0	0	0	0	0	0	0	0	0	0	0	0	0	
15	8	399	415	15	12	413	327	9	10	422	24	3	3	11	6	3	8	16	3	4	3	7	5	22	18	24	21	3	9	373	7	35	7	18	38	3	17	23	1	19	10	369	26	14	273	13	6	3	412	3	0	306	9	33	7	4	7	11	3	1	12	50	49	356	0	9	5	15	25	17	5	4	282	429	19	12	11	79	0	6	6	21	6	0	0	0	0	0	0	0	0	0	0	0	0	0	0	0	0	0	
16	8	370	378	15	12	348	374	9	10	442	25	3	3	11	6	3	8	16	3	4	3	7	5	22	18	24	21	3	9	396	7	32	7	18	31	3	18	23	1	18	10	403	29	5	287	13	6	3	441	3	0	315	9	32	7	4	17	11	3	1	12	46	49	388	0	9	5	15	25	17	5	4	312	442	20	12	11	106	0	6	6	21	6	0	0	0	0	0	0	0	0	0	0	0	0	0	0	0	0	0	
17	8	320	393	15	12	350	371	9	10	432	25	3	3	11	6	3	8	16	3	4	3	7	5	22	18	24	22	3	9	361	7	32	7	18	29	3	17	23	1	18	10	441	29	10	316	13	6	3	410	3	0	334	9	37	7	4	14	11	3	1	12	41	49	348	0	9	5	15	26	17	5	4	261	444	20	12	11	57	0	6	6	21	6	0	0	0	0	0	0	0	0	0	0	0	0	0	0	0	0	0	
18	8	321	413	15	12	338	335	9	10	396	25	3	3	11	6	3	8	16	3	4	3	7	5	22	18	24	22	3	9	296	7	35	7	18	30	3	16	23	1	18	10	455	32	13	338	13	6	3	402	3	0	324	9	42	7	4	17	11	3	1	12	39	49	420	0	9	5	15	26	17	5	4	262	424	20	12	11	50	0	6	6	21	6	0	0	0	0	0	0	0	0	0	0	0	0	0	0	0	0	0	
19	8	392	442	15	12	324	424	9	10	338	26	3	3	11	6	3	8	16	3	4	3	7	5	22	18	24	22	3	9	386	7	32	7	18	37	3	17	23	1	18	10	450	31	8	292	13	6	3	384	3	0	359	9	38	7	4	17	11	3	1	12	51	49	357	0	9	5	15	24	17	5	4	260	428	20	12	11	26	0	6	6	21	6	0	0	0	0	0	0	0	0	0	0	0	0	0	0	0	0	0	
20	8	425	431	15	12	386	296	9	10	329	24	3	3	11	6	3	8	16	3	4	3	7	5	22	18	24	22	3	9	416	7	34	7	18	37	3	17	23	1	18	10	444	28	6	283	13	6	3	367	3	0	365	9	35	7	4	11	11	3	1	12	47	49	346	0	9	5	15	25	17	5	4	265	441	20	12	11	30	0	6	6	21	6	0	0	0	0	0	0	0	0	0	0	0	0	0	0	0	0	0	
21	8	374	392	15	12	405	304	9	10	338	24	3	3	11	6	3	8	16	3	4	3	7	5	22	18	24	22	3	9	429	7	32	7	18	35	3	17	23	1	18	10	447	29	11	236	13	6	3	339	3	0	375	9	33	7	4	11	11	3	1	12	45	49	345	0	9	5	15	25	17	5	4	270	429	20	12	11	36	0	6	6	21	6	0	0	0	0	0	0	0	0	0	0	0	0	0	0	0	0	0	
22	8	377	433	15	12	360	299	9	10	379	25	3	3	11	6	3	8	16	3	4	3	7	5	22	18	24	22	3	9	431	7	32	7	18	33	3	17	23	1	18	10	493	29	13	257	13	6	3	367	3	0	335	9	34	7	4	14	11	3	1	12	40	49	308	0	9	5	15	25	17	5	4	296	399	20	12	11	60	0	6	6	21	6	0	0	0	0	0	0	0	0	0	0	0	0	0	0	0	0	0	
23	8	384	406	15	12	416	365	9	10	370	24	3	3	11	6	3	8	16	3	4	3	7	5	22	18	24	22	3	9	423	7	33	7	18	32	3	17	23	1	18	10	425	30	5	256	13	6	3	424	3	0	343	9	39	7	4	17	11	3	1	12	48	49	347	0	9	5	15	25	17	5	4	276	410	20	12	11	104	0	6	6	21	6	0	0	0	0	0	0	0	0	0	0	0	0	0	0	0	0	0	
24	8	336	450	15	12	437	342	9	10	362	24	3	3	11	6	3	8	16	3	4	3	7	5	22	18	24	22	3	9	418	7	32	7	18	32	3	17	23	1	18	10	420	29	10	299	13	6	3	423	3	0	330	9	40	7	4	9	11	3	1	12	43	49	359	0	9	5	15	25	17	5	4	273	426	20	12	11	89	0	6	6	21	6	0	0	0	0	0	0	0	0	0	0	0	0	0	0	0	0	0	
25	8	318	427	15	12	363	282	9	10	365	24	3	3	11	6	3	8	16	3	4	3	7	5	22	18	24	22	3	9	394	7	32	7	18	37	3	17	23	1	18	10	448	30	13	296	13	6	3	422	3	0	352	9	36	7	4	13	11	3	1	12	43	49	388	0	9	5	15	25	17	5	4	282	420	20	12	11	67	0	6	6	21	6	0	0	0	0	0	0	0	0	0	0	0	0	0	0	0	0	0	
26	8	389	422	15	12	383	289	9	10	306	24	3	3	11	6	3	8	16	3	4	3	7	5	22	18	24	22	3	9	402	7	32	7	18	41	3	17	23	1	18	10	485	29	8	277	13	6	3	419	3	0	333	9	35	7	4	14	11	3	1	12	47	49	343	0	9	5	15	25	17	5	4	283	428	20	12	11	28	0	6	6	21	6	0	0	0	0	0	0	0	0	0	0	0	0	0	0	0	0	0	
27	8	407	394	15	12	374	300	9	10	388	24	3	3	11	6	3	8	16	3	4	3	7	5	22	18	24	22	3	9	427	7	32	7	18	35	3	17	23	1	18	10	448	29	8	255	13	6	3	418	3	0	339	9	35	7	4	18	11	3	1	12	44	49	369	0	9	5	15	26	17	5	4	273	441	20	12	11	32	0	6	6	21	6	0	0	0	0	0	0	0	0	0	0	0	0	0	0	0	0	0	
28	8	374	397	15	12	420	336	9	10	367	24	3	3	11	6	3	8	16	3	4	3	7	5	22	18	24	22	3	9	414	7	32	7	18	33	3	17	23	1	18	10	424	29	11	262	13	6	3	377	3	0	337	9	39	7	4	9	11	3	1	12	42	49	293	0	9	5	15	25	17	5	4	281	426	20	12	11	34	0	6	6	21	6	0	0	0	0	0	0	0	0	0	0	0	0	0	0	0	0	0	
29	8	334	405	15	12	379	370	9	10	344	24	3	3	11	6	3	8	16	3	4	3	7	5	22	18	24	22	3	9	407	7	32	7	18	33	3	17	23	1	18	10	416	29	13	315	13	6	3	366	3	0	355	9	39	7	4	12	11	3	1	12	44	49	286	0	9	5	15	25	17	5	4	271	462	20	12	11	56	0	6	6	21	6	0	0	0	0	0	0	0	0	0	0	0	0	0	0	0	0	0	
30	8	369	407	15	12	378	443	9	10	343	24	3	3	11	6	3	8	16	3	4	3	7	5	22	18	24	22	3	9	412	7	32	7	18	32	3	17	23	1	18	10	428	29	6	294	13	6	3	400	3	0	376	9	37	7	4	14	11	3	1	12	48	49	236	0	9	5	15	25	17	5	4	300	440	20	12	11	89	0	6	6	21	6	0	0	0	0	0	0	0	0	0	0	0	0	0	0	0	0	0	
--- Errors               --
Ite	f0	f1	f2	f3	f4	f5	f6	f7	f8	f9	f10	f11	f12	f13	f14	f15	f16	f17	f18	f19	f20	f21	f22	f23	f24	f25	f26	f27	f28	f29	f30	f31	f32	f33	f34	f35	f36	f37	f38	f39	f40	f41	f42	f43	f44	f45	f46	f47	f48	f49	f50	f51	f52	f53	f54	f55	f56	f57	f58	f59	f60	f61	f62	f63	f64	f65	f66	f67	f68	f69	f70	f71	f72	f73	f74	f75	f76	f77	f78	f79	f80	f81	f82	f83	f84	f85	f86	f87	f88	f89	f90	f91	f92	f93	f94	f95	f96	f97	f98	f99	
0	83	123	179	119	60	124	162	98	53	187	89	97	47	55	61	53	52	93	106	90	92	91	88	61	51	35	82	43	79	166	95	67	98	61	44	63	83	32	96	77	93	175	109	34	115	66	90	83	145	41	57	145	50	55	56	104	49	66	42	68	80	112	76	118	65	79	52	37	114	50	29	78	128	170	56	50	39	82	85	46	53	83	100	0	0	0	0	0	0	0	0	0	0	0	0	0	0	0	0	0	
1	30	76	148	60	1	122	131	40	5	217	33	44	3	2	6	5	8	13	28	21	16	36	27	6	7	7	19	4	12	160	29	9	19	14	6	4	13	4	10	17	15	184	71	5	66	11	15	12	130	0	22	111	10	14	10	75	9	12	8	1	50	68	21	73	0	25	11	4	44	7	3	30	78	140	8	0	3	29	21	5	4	20	17	0	0	0	0	0	0	0	0	0	0	0	0	0	0	0	0	0	
2	2	68	112	27	2	116	147	18	1	164	7	4	3	2	2	3	4	7	0	2	1	6	3	6	2	2	3	3	2	143	4	6	4	3	5	3	3	3	2	6	4	187	24	5	60	2	1	3	132	1	4	97	1	15	2	43	0	2	1	1	8	26	16	74	2	2	6	3	8	2	3	8	59	137	3	2	2	17	5	0	2	2	7	0	0	0	0	0	0	0	0	0	0	0	0	0	0	0	0	0	
3	2	68	97	6	3	97	129	2	1	191	7	2	3	1	2	3	1	7	0	3	1	1	2	6	1	1	3	3	0	150	3	6	4	2	2	3	3	2	2	5	2	171	26	5	66	2	1	3	155	1	4	105	0	15	2	0	0	2	1	1	9	15	16	49	2	2	4	1	9	5	2	1	41	142	0	2	1	11	5	2	2	2	2	0	0	0	0	0	0	0	0	0	0	0	0	0	0	0	0	0	
4	1	73	127	5	1	91	142	2	1	149	5	3	3	1	1	3	2	7	1	3	1	1	3	5	2	1	3	3	2	154	3	6	3	2	2	3	2	2	3	5	2	170	27	5	68	1	1	3	143	1	4	101	0	15	2	2	3	3	1	1	9	16	15	51	2	2	5	1	9	6	4	1	42	171	0	2	0	15	9	2	2	2	2	0	0	0	0	0	0	0	0	0	0	0	0	0	0	0	0	0	
5	1	88	139	3	1	100	155	2	1	149	5	3	3	1	1	3	2	7	1	3	1	1	3	6	2	2	3	3	3	135	4	6	4	2	2	3	2	2	3	5	2	143	32	5	59	0	1	3	128	1	4	106	1	15	2	3	3	3	1	1	9	16	14	60	2	2	4	1	9	7	2	1	35	150	1	2	1	16	9	2	2	3	2	0	0	0	0	0	0	0	0	0	0	0	0	0	0	0	0	0	
6	1	91	131	3	1	113	175	2	1	143	5	3	3	1	1	3	1	7	2	3	1	1	3	6	1	3	3	3	3	135	3	6	3	2	2	3	2	2	3	5	2	142	29	5	60	0	1	3	131	1	4	93	1	15	2	3	3	3	1	1	9	18	14	57	2	1	5	1	8	6	3	1	62	150	0	2	1	16	9	2	2	3	2	0	0	0	0	0	0	0	0	0	0	0	0	0	0	0	0	0	
7	1	101	117	2	1	106	168	2	1	127	6	3	3	1	1	3	1	7	3	3	1	1	3	6	1	3	3	3	3	142	3	6	3	2	4	3	2	2	3	5	2	145	28	4	57	1	1	3	139	1	4	100	1	15	2	3	0	3	1	1	10	16	14	60	2	1	4	1	7	4	2	1	55	164	0	2	1	16	9	2	2	2	2	0	0	0	0	0	0	0	0	0	0	0	0	0	0	0	0	0	
8	1	103	108	2	1	89	149	2	1	109	6	3	3	1	1	3	1	7	3	3	1	1	3	6	1	3	3	3	3	154	3	6	3	2	4	3	2	2	3	5	2	148	31	4	61	1	1	3	124	1	4	100	1	15	2	3	0	2	1	1	11	17	14	62	2	1	4	1	8	3	2	1	63	163	0	2	1	15	9	2	2	2	2	0	0	0	0	0	0	0	0	0	0	0	0	0	0	0	0	0	
9	1	102	140	2	1	106	150	2	1	123	5	3	3	1	1	3	1	7	3	3	1	1	3	6	1	3	3	3	3	121	3	6	3	2	4	3	2	2	3	5	2	149	31	5	68	1	1	3	136	1	4	80	1	15	2	3	3	2	1	1	11	16	14	79	2	1	4	1	8	5	2	1	53	132	1	2	1	17	9	2	2	2	2	0	0	0	0	0	0	0	0	0	0	0	0	0	0	0	0	0	
10	1	96	124	2	1	84	151	2	1	124	5	3	3	1	1	3	1	7	3	3	1	1	3	6	1	3	3	3	3	125	3	6	3	2	2	3	2	2	3	5	2	167	29	5	54	1	1	3	150	1	4	107	1	15	2	3	4	2	1	1	11	19	14	79	2	1	4	1	9	5	2	1	64	145	1	2	1	14	9	2	2	2	2	0	0	0	0	0	0	0	0	0	0	0	0	0	0	0	0	0	
11	1	103	113	2	1	96	157	2	1	108	5	3	3	1	1	3	1	7	3	3	1	1	3	6	1	3	3	3	3	118	3	6	3	2	2	3	2	2	3	5	2	168	28	5	51	1	1	3	155	1	4	91	1	15	2	3	3	2	1	1	11	17	14	96	2	1	4	1	9	5	2	1	48	110	1	2	1	15	9	2	2	2	2	0	0	0	0	0	0	0	0	0	0	0	0	0	0	0	0	0	
12	1	124	100	2	1	87	157	2	1	124	5	3	3	1	1	3	1	7	3	3	1	1	3	6	1	3	3	3	3	110	3	6	3	2	2	3	2	2	3	5	2	164	29	5	59	1	1	3	128	1	4	113	1	15	2	3	1	2	1	1	11	14	14	78	2	1	4	1	9	6	2	1	52	132	1	2	1	16	9	2	2	2	2	0	0	0	0	0	0	0	0	0	0	0	0	0	0	0	0	0	
13	1	109	75	2	1	78	128	2	1	113	5	3	3	1	1	3	1	7	3	3	1	1	3	6	1	3	3	3	3	105	3	6	3	2	3	3	2	2	3	5	2	138	29	5	64	1	1	3	125	1	4	109	1	15	2	3	1	2	1	1	11	14	14	71	2	1	4	1	9	5	2	1	57	145	1	2	1	15	9	2	2	2	2	0	0	0	0	0	0	0	0	0	0	0	0	0	0	0	0	0	
14	1	90	105	2	1	88	106	2	1	123	5	3	3	1	1	3	1	7	3	3	1	1	3	6	1	3	3	3	3	112	3	6	3	2	3	3	2	2	3	5	2	123	28	4	72	1	1	3	111	1	4	92	1	15	2	3	3	2	1	1	11	13	14	78	2	1	4	1	9	5	2	1	64	134	2	2	1	16	9	2	2	2	2	0	0	0	0	0	0	0	0	0	0	0	0	0	0	0	0	0	
15	1	117	110	2	1	80	113	2	1	136	5	3	3	1	1	3	1	7	3	3	1	1	3	6	1	3	3	3	3	147	3	6	3	2	3	3	2	2	3	5	2	127	29	4	69	1	1	3	151	1	4	96	1	15	2	3	4	2	1	1	11	16	14	82	2	1	4	1	9	5	2	1	68	144	2	2	1	17	9	2	2	2	2	0	0	0	0	0	0	0	0	0	0	0	0	0	0	0	0	0	
16	1	116	134	2	1	75	143	2	1	161	5	3	3	1	1	3	1	7	3	3	1	1	3	6	1	3	3	3	3	93	3	6	3	2	2	3	2	2	3	5	2	136	29	5	72	1	1	3	164	1	4	88	1	15	2	3	0	2	1	1	11	17	14	104	2	1	4	1	9	5	2	1	62	143	2	2	1	14	9	2	2	2	2	0	0	0	0	0	0	0	0	0	0	0	0	0	0	0	0	0	
17	1	87	105	2	1	99	152	2	1	141	5	3	3	1	1	3	1	7	3	3	1	1	3	6	1	3	3	3	3	98	3	6	3	2	2	3	2	2	3	5	2	152	29	5	81	1	1	3	144	1	4	80	1	15	2	3	0	2	1	1	11	15	14	106	2	1	4	1	9	5	2	1	42	130	2	2	1	14	9	2	2	2	2	0	0	0	0	0	0	0	0	0	0	0	0	0	0	0	0	0	
18	1	82	118	2	1	95	137	2	1	122	5	3	3	1	1	3	1	7	3	3	1	1	3	6	1	3	3	3	3	91	3	6	3	2	2	3	2	2	3	5	2	162	28	5	92	1	1	3	138	1	4	68	1	15	2	3	2	2	1	1	11	14	14	106	2	1	4	1	9	5	2	1	48	152	2	2	1	16	9	2	2	2	2	0	0	0	0	0	0	0	0	0	0	0	0	0	0	0	0	0	
19	1	88	153	2	1	93	140	2	1	114	5	3	3	1	1	3	1	7	3	3	1	1	3	6	1	3	3	3	3	101	3	6	3	2	2	3	2	2	3	5	2	171	29	5	87	1	1	3	129	1	4	79	1	15	2	3	4	2	1	1	11	15	14	91	2	1	4	1	9	5	2	1	33	142	2	2	1	16	9	2	2	2	2	0	0	0	0	0	0	0	0	0	0	0	0	0	0	0	0	0	
20	1	123	156	2	1	105	123	2	1	100	5	3	3	1	1	3	1	7	3	3	1	1	3	6	1	3	3	3	3	122	3	6	3	2	3	3	2	2	3	5	2	148	29	5	81	1	1	3	124	1	4	91	1	15	2	3	3	2	1	1	11	17	14	87	2	1	4	1	9	6	2	1	41	155	2	2	1	16	9	2	2	2	2	0	0	0	0	0	0	0	0	0	0	0	0	0	0	0	0	0	
21	1	102	113	2	1	101	123	2	1	123	5	3	3	1	1	3	1	7	3	3	1	1	3	6	1	3	3	3	3	133	3	6	3	2	2	3	2	2	3	5	2	133	29	4	62	1	1	3	116	1	4	89	1	15	2	3	4	2	1	1	11	16	14	68	2	1	4	1	9	5	2	1	51	139	2	2	1	15	9	2	2	2	2	0	0	0	0	0	0	0	0	0	0	0	0	0	0	0	0	0	
22	1	114	106	2	1	114	145	2	1	111	5	3	3	1	1	3	1	7	3	3	1	1	3	6	1	3	3	3	3	113	3	6	3	2	2	3	2	2	3	5	2	185	28	4	74	1	1	3	101	1	4	93	1	15	2	3	1	2	1	1	11	15	14	75	2	1	4	1	9	5	2	1	61	124	2	2	1	15	9	2	2	2	2	0	0	0	0	0	0	0	0	0	0	0	0	0	0	0	0	0	
23	1	107	110	2	1	105	153	2	1	92	5	3	3	1	1	3	1	7	3	3	1	1	3	6	1	3	3	3	3	148	3	6	3	2	2	3	2	2	3	5	2	192	29	5	77	1	1	3	102	1	4	79	1	15	2	3	3	2	1	1	11	16	14	95	2	1	4	1	9	5	2	1	61	154	2	2	1	16	9	2	2	2	2	0	0	0	0	0	0	0	0	0	0	0	0	0	0	0	0	0	
24	1	108	142	2	1	118	145	2	1	96	5	3	3	1	1	3	1	7	3	3	1	1	3	6	1	3	3	3	3	170	3	6	3	2	2	3	2	2	3	5	2	185	28	5	61	1	1	3	137	1	4	110	1	15	2	3	3	2	1	1	11	17	14	104	2	1	4	1	9	5	2	1	60	145	2	2	1	14	9	2	2	2	2	0	0	0	0	0	0	0	0	0	0	0	0	0	0	0	0	0	
25	1	103	143	2	1	104	138	2	1	84	5	3	3	1	1	3	1	7	3	3	1	1	3	6	1	3	3	3	3	140	3	6	3	2	2	3	2	2	3	5	2	187	29	5	64	1	1	3	155	1	4	90	1	15	2	3	3	2	1	1	11	17	14	115	2	1	4	1	9	5	2	1	58	133	2	2	1	15	9	2	2	2	2	0	0	0	0	0	0	0	0	0	0	0	0	0	0	0	0	0	
26	1	114	113	2	1	104	129	2	1	88	5	3	3	1	1	3	1	7	3	3	1	1	3	6	1	3	3	3	3	133	3	6	3	2	2	3	2	2	3	5	2	192	29	5	71	1	1	3	131	1	4	80	1	15	2	3	1	2	1	1	11	16	14	99	2	1	4	1	9	5	2	1	55	142	2	2	1	16	9	2	2	2	2	0	0	0	0	0	0	0	0	0	0	0	0	0	0	0	0	0	
27	1	120	102	2	1	83	141	2	1	103	5	3	3	1	1	3	1	7	3	3	1	1	3	6	1	3	3	3	3	127	3	6	3	2	2	3	2	2	3	5	2	190	29	5	63	1	1	3	139	1	4	63	1	15	2	3	3	2	1	1	11	17	14	65	2	1	4	1	9	5	2	1	49	145	2	2	1	16	9	2	2	2	2	0	0	0	0	0	0	0	0	0	0	0	0	0	0	0	0	0	
28	1	96	90	2	1	92	142	2	1	106	5	3	3	1	1	3	1	7	3	3	1	1	3	6	1	3	3	3	3	131	3	6	3	2	2	3	2	2	3	5	2	174	29	4	87	1	1	3	135	1	4	71	1	15	2	3	4	2	1	1	11	14	14	71	2	1	4	1	9	5	2	1	50	149	2	2	1	15	9	2	2	2	2	0	0	0	0	0	0	0	0	0	0	0	0	0	0	0	0	0	
29	1	71	103	2	1	119	131	2	1	86	5	3	3	1	1	3	1	7	3	3	1	1	3	6	1	3	3	3	3	121	3	6	3	2	2	3	2	2	3	5	2	145	29	4	73	1	1	3	120	1	4	86	1	15	2	3	3	2	1	1	11	16	14	63	2	1	4	1	9	5	2	1	64	165	2	2	1	15	9	2	2	2	2	0	0	0	0	0	0	0	0	0	0	0	0	0	0	0	0	0	
30	1	83	116	2	1	105	127	2	1	77	5	3	3	1	1	3	1	7	3	3	1	1	3	6	1	3	3	3	3	108	3	6	3	2	2	3	2	2	3	5	2	156	29	5	71	1	1	3	100	1	4	85	1	15	2	3	0	2	1	1	11	17	14	47	2	1	4	1	9	5	2	1	56	136	2	2	1	17	9	2	2	2	2	0	0	0	0	0	0	0	0	0	0	0	0	0	0	0	0	0	
31	1	94	106	2	1	89	140	2	1	84	5	3	3	1	1	3	1	7	3	3	1	1	3	6	1	3	3	3	3	92	3	6	3	2	2	3	2	2	3	5	2	167	29	5	66	1	1	3	114	1	4	89	1	15	2	3	1	2	1	1	11	16	14	49	2	1	4	1	9	5	2	1	57	103	2	2	1	12	9	2	2	2	2	0	0	0	0	0	0	0	0	0	0	0	0	0	0	0	0	0	
-- Osc per ite (correct fr) --
--- Nat Nat               --
Ite	f0	f1	f2	f3	f4	f5	f6	f7	f8	f9	f10	f11	f12	f13	f14	f15	f16	f17	f18	f19	f20	f21	f22	f23	f24	f25	f26	f27	f28	f29	f30	f31	f32	f33	f34	f35	f36	f37	f38	f39	f40	f41	f42	f43	f44	f45	f46	f47	f48	f49	f50	f51	f52	f53	f54	f55	f56	f57	f58	f59	f60	f61	f62	f63	f64	f65	f66	f67	f68	f69	f70	f71	f72	f73	f74	f75	f76	f77	f78	f79	f80	f81	f82	f83	f84	f85	f86	f87	f88	f89	f90	f91	f92	f93	f94	f95	f96	f97	f98	f99	
0	258	267	243	238	207	252	216	247	190	254	300	292	238	279	246	232	229	239	227	241	266	228	268	264	220	239	314	270	269	250	222	252	217	323	196	195	295	226	237	219	285	220	250	217	263	225	274	218	267	280	259	209	233	246	275	295	249	236	237	266	304	266	244	266	284	256	278	233	268	242	282	205	240	198	221	256	227	213	210	252	247	270	261	284	210	297	234	284	209	214	161	238	239	307	233	206	239	244	251	227	
1	70	139	75	16	102	74	39	38	34	119	114	169	92	72	86	66	53	45	107	90	116	65	116	59	87	79	122	77	41	60	34	116	73	108	42	28	136	24	110	32	87	32	56	43	57	70	105	86	100	101	143	46	98	36	105	65	126	67	80	76	129	89	25	133	74	76	135	56	84	78	164	78	84	28	82	77	43	88	19	119	125	56	91	86	25	75	151	121	67	30	25	178	53	121	85	45	31	76	94	82	
2	0	21	15	0	2	2	0	0	0	43	21	46	0	0	17	7	2	2	30	16	21	8	24	1	2	5	26	1	0	1	3	29	20	7	1	1	48	0	0	0	6	0	1	1	33	1	4	3	3	23	79	1	9	5	6	3	17	1	1	1	31	3	0	25	2	4	1	1	39	3	25	4	2	0	7	24	9	18	5	27	41	7	38	0	2	6	32	8	11	1	0	59	11	2	23	9	4	9	4	3	
3	0	1	1	0	0	0	0	0	0	4	0	2	0	0	1	0	0	0	1	0	0	0	3	0	0	1	1	0	0	0	0	3	1	0	0	0	1	0	0	0	0	0	0	0	1	0	0	0	0	0	10	0	0	1	0	0	1	0	0	0	4	0	0	0	0	0	0	0	1	0	1	0	0	0	0	1	0	3	0	1	2	0	0	0	0	0	0	0	1	0	0	3	0	0	1	0	0	2	1	0	
4	0	0	0	0	0	0	0	0	0	0	0	0	0	0	0	0	0	0	0	0	0	0	0	0	0	0	0	0	0	0	0	0	0	0	0	0	0	0	0	0	0	0	0	0	0	0	0	0	0	0	0	0	0	0	0	0	0	0	0	0	0	0	0	0	0	0	0	0	0	0	0	0	0	0	0	0	0	0	0	0	0	0	0	0	0	0	0	0	0	0	0	0	0	0	0	0	0	0	0	0	
5	0	0	0	0	0	0	0	0	0	0	0	0	0	0	0	0	0	0	0	0	0	0	0	0	0	0	0	0	0	0	0	0	0	0	0	0	0	0	0	0	0	0	0	0	0	0	0	0	0	0	0	0	0	0	0	0	0	0	0	0	0	0	0	0	0	0	0	0	0	0	0	0	0	0	0	0	0	0	0	0	0	0	0	0	0	0	0	0	0	0	0	0	0	0	0	0	0	0	0	0	
6	0	0	0	0	0	0	0	0	0	0	0	0	0	0	0	0	0	0	0	0	0	0	0	0	0	0	0	0	0	0	0	0	0	0	0	0	0	0	0	0	0	0	0	0	0	0	0	0	0	0	0	0	0	0	0	0	0	0	0	0	0	0	0	0	0	0	0	0	0	0	0	0	0	0	0	0	0	0	0	0	0	0	0	0	0	0	0	0	0	0	0	0	0	0	0	0	0	0	0	0	
7	0	0	0	0	0	0	0	0	0	0	0	0	0	0	0	0	0	0	0	0	0	0	0	0	0	0	0	0	0	0	0	0	0	0	0	0	0	0	0	0	0	0	0	0	0	0	0	0	0	0	0	0	0	0	0	0	0	0	0	0	0	0	0	0	0	0	0	0	0	0	0	0	0	0	0	0	0	0	0	0	0	0	0	0	0	0	0	0	0	0	0	0	0	0	0	0	0	0	0	0	
8	0	0	0	0	0	0	0	0	0	0	0	0	0	0	0	0	0	0	0	0	0	0	0	0	0	0	0	0	0	0	0	0	0	0	0	0	0	0	0	0	0	0	0	0	0	0	0	0	0	0	0	0	0	0	0	0	0	0	0	0	0	0	0	0	0	0	0	0	0	0	0	0	0	0	0	0	0	0	0	0	0	0	0	0	0	0	0	0	0	0	0	0	0	0	0	0	0	0	0	0	
9	0	0	0	0	0	0	0	0	0	0	0	0	0	0	0	0	0	0	0	0	0	0	0	0	0	0	0	0	0	0	0	0	0	0	0	0	0	0	0	0	0	0	0	0	0	0	0	0	0	0	0	0	0	0	0	0	0	0	0	0	0	0	0	0	0	0	0	0	0	0	0	0	0	0	0	0	0	0	0	0	0	0	0	0	0	0	0	0	0	0	0	0	0	0	0	0	0	0	0	0	
10	0	0	0	0	0	0	0	0	0	0	0	0	0	0	0	0	0	0	0	0	0	0	0	0	0	0	0	0	0	0	0	0	0	0	0	0	0	0	0	0	0	0	0	0	0	0	0	0	0	0	0	0	0	0	0	0	0	0	0	0	0	0	0	0	0	0	0	0	0	0	0	0	0	0	0	0	0	0	0	0	0	0	0	0	0	0	0	0	0	0	0	0	0	0	0	0	0	0	0	0	
11	0	0	0	0	0	0	0	0	0	0	0	0	0	0	0	0	0	0	0	0	0	0	0	0	0	0	0	0	0	0	0	0	0	0	0	0	0	0	0	0	0	0	0	0	0	0	0	0	0	0	0	0	0	0	0	0	0	0	0	0	0	0	0	0	0	0	0	0	0	0	0	0	0	0	0	0	0	0	0	0	0	0	0	0	0	0	0	0	0	0	0	0	0	0	0	0	0	0	0	0	
12	0	0	0	0	0	0	0	0	0	0	0	0	0	0	0	0	0	0	0	0	0	0	0	0	0	0	0	0	0	0	0	0	0	0	0	0	0	0	0	0	0	0	0	0	0	0	0	0	0	0	0	0	0	0	0	0	0	0	0	0	0	0	0	0	0	0	0	0	0	0	0	0	0	0	0	0	0	0	0	0	0	0	0	0	0	0	0	0	0	0	0	0	0	0	0	0	0	0	0	0	
13	0	0	0	0	0	0	0	0	0	0	0	0	0	0	0	0	0	0	0	0	0	0	0	0	0	0	0	0	0	0	0	0	0	0	0	0	0	0	0	0	0	0	0	0	0	0	0	0	0	0	0	0	0	0	0	0	0	0	0	0	0	0	0	0	0	0	0	0	0	0	0	0	0	0	0	0	0	0	0	0	0	0	0	0	0	0	0	0	0	0	0	0	0	0	0	0	0	0	0	0	
14	0	0	0	0	0	0	0	0	0	0	0	0	0	0	0	0	0	0	0	0	0	0	0	0	0	0	0	0	0	0	0	0	0	0	0	0	0	0	0	0	0	0	0	0	0	0	0	0	0	0	0	0	0	0	0	0	0	0	0	0	0	0	0	0	0	0	0	0	0	0	0	0	0	0	0	0	0	0	0	0	0	0	0	0	0	0	0	0	0	0	0	0	0	0	0	0	0	0	0	0	
15	0	0	0	0	0	0	0	0	0	0	0	0	0	0	0	0	0	0	0	0	0	0	0	0	0	0	0	0	0	0	0	0	0	0	0	0	0	0	0	0	0	0	0	0	0	0	0	0	0	0	0	0	0	0	0	0	0	0	0	0	0	0	0	0	0	0	0	0	0	0	0	0	0	0	0	0	0	0	0	0	0	0	0	0	0	0	0	0	0	0	0	0	0	0	0	0	0	0	0	0	
16	0	0	0	0	0	0	0	0	0	0	0	0	0	0	0	0	0	0	0	0	0	0	0	0	0	0	0	0	0	0	0	0	0	0	0	0	0	0	0	0	0	0	0	0	0	0	0	0	0	0	0	0	0	0	0	0	0	0	0	0	0	0	0	0	0	0	0	0	0	0	0	0	0	0	0	0	0	0	0	0	0	0	0	0	0	0	0	0	0	0	0	0	0	0	0	0	0	0	0	0	
17	0	0	0	0	0	0	0	0	0	0	0	0	0	0	0	0	0	0	0	0	0	0	0	0	0	0	0	0	0	0	0	0	0	0	0	0	0	0	0	0	0	0	0	0	0	0	0	0	0	0	0	0	0	0	0	0	0	0	0	0	0	0	0	0	0	0	0	0	0	0	0	0	0	0	0	0	0	0	0	0	0	0	0	0	0	0	0	0	0	0	0	0	0	0	0	0	0	0	0	0	
18	0	0	0	0	0	0	0	0	0	0	0	0	0	0	0	0	0	0	0	0	0	0	0	0	0	0	0	0	0	0	0	0	0	0	0	0	0	0	0	0	0	0	0	0	0	0	0	0	0	0	0	0	0	0	0	0	0	0	0	0	0	0	0	0	0	0	0	0	0	0	0	0	0	0	0	0	0	0	0	0	0	0	0	0	0	0	0	0	0	0	0	0	0	0	0	0	0	0	0	0	
19	0	0	0	0	0	0	0	0	0	0	0	0	0	0	0	0	0	0	0	0	0	0	0	0	0	0	0	0	0	0	0	0	0	0	0	0	0	0	0	0	0	0	0	0	0	0	0	0	0	0	0	0	0	0	0	0	0	0	0	0	0	0	0	0	0	0	0	0	0	0	0	0	0	0	0	0	0	0	0	0	0	0	0	0	0	0	0	0	0	0	0	0	0	0	0	0	0	0	0	0	
20	0	0	0	0	0	0	0	0	0	0	0	0	0	0	0	0	0	0	0	0	0	0	0	0	0	0	0	0	0	0	0	0	0	0	0	0	0	0	0	0	0	0	0	0	0	0	0	0	0	0	0	0	0	0	0	0	0	0	0	0	0	0	0	0	0	0	0	0	0	0	0	0	0	0	0	0	0	0	0	0	0	0	0	0	0	0	0	0	0	0	0	0	0	0	0	0	0	0	0	0	
21	0	0	0	0	0	0	0	0	0	0	0	0	0	0	0	0	0	0	0	0	0	0	0	0	0	0	0	0	0	0	0	0	0	0	0	0	0	0	0	0	0	0	0	0	0	0	0	0	0	0	0	0	0	0	0	0	0	0	0	0	0	0	0	0	0	0	0	0	0	0	0	0	0	0	0	0	0	0	0	0	0	0	0	0	0	0	0	0	0	0	0	0	0	0	0	0	0	0	0	0	
22	0	0	0	0	0	0	0	0	0	0	0	0	0	0	0	0	0	0	0	0	0	0	0	0	0	0	0	0	0	0	0	0	0	0	0	0	0	0	0	0	0	0	0	0	0	0	0	0	0	0	0	0	0	0	0	0	0	0	0	0	0	0	0	0	0	0	0	0	0	0	0	0	0	0	0	0	0	0	0	0	0	0	0	0	0	0	0	0	0	0	0	0	0	0	0	0	0	0	0	0	
23	0	0	0	0	0	0	0	0	0	0	0	0	0	0	0	0	0	0	0	0	0	0	0	0	0	0	0	0	0	0	0	0	0	0	0	0	0	0	0	0	0	0	0	0	0	0	0	0	0	0	0	0	0	0	0	0	0	0	0	0	0	0	0	0	0	0	0	0	0	0	0	0	0	0	0	0	0	0	0	0	0	0	0	0	0	0	0	0	0	0	0	0	0	0	0	0	0	0	0	0	
24	0	0	0	0	0	0	0	0	0	0	0	0	0	0	0	0	0	0	0	0	0	0	0	0	0	0	0	0	0	0	0	0	0	0	0	0	0	0	0	0	0	0	0	0	0	0	0	0	0	0	0	0	0	0	0	0	0	0	0	0	0	0	0	0	0	0	0	0	0	0	0	0	0	0	0	0	0	0	0	0	0	0	0	0	0	0	0	0	0	0	0	0	0	0	0	0	0	0	0	0	
25	0	0	0	0	0	0	0	0	0	0	0	0	0	0	0	0	0	0	0	0	0	0	0	0	0	0	0	0	0	0	0	0	0	0	0	0	0	0	0	0	0	0	0	0	0	0	0	0	0	0	0	0	0	0	0	0	0	0	0	0	0	0	0	0	0	0	0	0	0	0	0	0	0	0	0	0	0	0	0	0	0	0	0	0	0	0	0	0	0	0	0	0	0	0	0	0	0	0	0	0	
26	0	0	0	0	0	0	0	0	0	0	0	0	0	0	0	0	0	0	0	0	0	0	0	0	0	0	0	0	0	0	0	0	0	0	0	0	0	0	0	0	0	0	0	0	0	0	0	0	0	0	0	0	0	0	0	0	0	0	0	0	0	0	0	0	0	0	0	0	0	0	0	0	0	0	0	0	0	0	0	0	0	0	0	0	0	0	0	0	0	0	0	0	0	0	0	0	0	0	0	0	
27	0	0	0	0	0	0	0	0	0	0	0	0	0	0	0	0	0	0	0	0	0	0	0	0	0	0	0	0	0	0	0	0	0	0	0	0	0	0	0	0	0	0	0	0	0	0	0	0	0	0	0	0	0	0	0	0	0	0	0	0	0	0	0	0	0	0	0	0	0	0	0	0	0	0	0	0	0	0	0	0	0	0	0	0	0	0	0	0	0	0	0	0	0	0	0	0	0	0	0	0	
28	0	0	0	0	0	0	0	0	0	0	0	0	0	0	0	0	0	0	0	0	0	0	0	0	0	0	0	0	0	0	0	0	0	0	0	0	0	0	0	0	0	0	0	0	0	0	0	0	0	0	0	0	0	0	0	0	0	0	0	0	0	0	0	0	0	0	0	0	0	0	0	0	0	0	0	0	0	0	0	0	0	0	0	0	0	0	0	0	0	0	0	0	0	0	0	0	0	0	0	0	
29	0	0	0	0	0	0	0	0	0	0	0	0	0	0	0	0	0	0	0	0	0	0	0	0	0	0	0	0	0	0	0	0	0	0	0	0	0	0	0	0	0	0	0	0	0	0	0	0	0	0	0	0	0	0	0	0	0	0	0	0	0	0	0	0	0	0	0	0	0	0	0	0	0	0	0	0	0	0	0	0	0	0	0	0	0	0	0	0	0	0	0	0	0	0	0	0	0	0	0	0	
30	0	0	0	0	0	0	0	0	0	0	0	0	0	0	0	0	0	0	0	0	0	0	0	0	0	0	0	0	0	0	0	0	0	0	0	0	0	0	0	0	0	0	0	0	0	0	0	0	0	0	0	0	0	0	0	0	0	0	0	0	0	0	0	0	0	0	0	0	0	0	0	0	0	0	0	0	0	0	0	0	0	0	0	0	0	0	0	0	0	0	0	0	0	0	0	0	0	0	0	0	
--- Int Int               --
Ite	f0	f1	f2	f3	f4	f5	f6	f7	f8	f9	f10	f11	f12	f13	f14	f15	f16	f17	f18	f19	f20	f21	f22	f23	f24	f25	f26	f27	f28	f29	f30	f31	f32	f33	f34	f35	f36	f37	f38	f39	f40	f41	f42	f43	f44	f45	f46	f47	f48	f49	f50	f51	f52	f53	f54	f55	f56	f57	f58	f59	f60	f61	f62	f63	f64	f65	f66	f67	f68	f69	f70	f71	f72	f73	f74	f75	f76	f77	f78	f79	f80	f81	f82	f83	f84	f85	f86	f87	f88	f89	f90	f91	f92	f93	f94	f95	f96	f97	f98	f99	
0	139	202	165	132	169	158	125	126	75	208	186	189	159	149	154	110	92	149	137	132	166	111	155	130	137	147	195	140	116	106	93	138	113	182	107	89	211	69	154	118	218	132	110	140	164	152	160	132	179	135	187	119	149	131	183	131	151	142	153	134	197	153	77	201	139	120	174	86	178	134	165	152	171	93	129	164	125	129	109	158	228	135	191	179	85	141	206	180	134	91	72	233	166	182	168	81	131	190	174	136	
1	15	62	24	1	13	10	8	3	2	86	45	108	36	12	38	25	5	13	66	45	53	14	38	23	18	24	83	23	10	11	10	60	45	37	9	14	81	4	19	5	33	0	9	16	23	21	36	16	41	53	100	3	37	26	26	14	58	14	36	11	74	21	0	36	33	23	22	18	64	34	67	21	27	8	14	48	20	43	7	42	98	17	75	10	9	25	139	41	30	8	2	137	31	44	47	22	12	34	38	31	
2	0	6	11	0	0	0	0	0	0	15	5	11	0	0	1	0	0	0	13	4	1	4	2	0	0	2	13	0	0	4	1	13	4	0	0	0	7	0	0	0	0	0	1	0	3	0	0	3	1	5	32	0	1	0	1	0	4	0	0	0	5	0	0	3	0	0	0	0	2	0	0	0	0	0	2	2	0	10	0	8	14	0	8	0	0	0	1	1	2	0	0	11	0	3	6	4	1	7	1	0	
3	0	0	1	0	0	0	0	0	0	0	0	0	0	0	0	0	0	0	1	0	0	0	1	0	0	0	0	0	0	0	0	0	0	0	0	0	0	0	0	0	0	0	0	0	0	0	0	0	0	0	1	0	0	0	1	0	0	0	0	0	0	0	0	0	0	0	0	0	0	0	0	0	0	0	0	0	0	0	0	1	2	0	0	0	0	0	0	0	0	0	0	0	0	0	0	1	0	0	0	0	
4	0	0	0	0	0	0	0	0	0	0	0	0	0	0	0	0	0	0	0	0	0	0	0	0	0	0	0	0	0	0	0	0	0	0	0	0	0	0	0	0	0	0	0	0	0	0	0	0	0	0	0	0	0	0	0	0	0	0	0	0	0	0	0	0	0	0	0	0	0	0	0	0	0	0	0	0	0	0	0	0	0	0	0	0	0	0	0	0	0	0	0	0	0	0	0	0	0	0	0	0	
5	0	0	0	0	0	0	0	0	0	0	0	0	0	0	0	0	0	0	0	0	0	0	0	0	0	0	0	0	0	0	0	0	0	0	0	0	0	0	0	0	0	0	0	0	0	0	0	0	0	0	0	0	0	0	0	0	0	0	0	0	0	0	0	0	0	0	0	0	0	0	0	0	0	0	0	0	0	0	0	0	0	0	0	0	0	0	0	0	0	0	0	0	0	0	0	0	0	0	0	0	
6	0	0	0	0	0	0	0	0	0	0	0	0	0	0	0	0	0	0	0	0	0	0	0	0	0	0	0	0	0	0	0	0	0	0	0	0	0	0	0	0	0	0	0	0	0	0	0	0	0	0	0	0	0	0	0	0	0	0	0	0	0	0	0	0	0	0	0	0	0	0	0	0	0	0	0	0	0	0	0	0	0	0	0	0	0	0	0	0	0	0	0	0	0	0	0	0	0	0	0	0	
7	0	0	0	0	0	0	0	0	0	0	0	0	0	0	0	0	0	0	0	0	0	0	0	0	0	0	0	0	0	0	0	0	0	0	0	0	0	0	0	0	0	0	0	0	0	0	0	0	0	0	0	0	0	0	0	0	0	0	0	0	0	0	0	0	0	0	0	0	0	0	0	0	0	0	0	0	0	0	0	0	0	0	0	0	0	0	0	0	0	0	0	0	0	0	0	0	0	0	0	0	
8	0	0	0	0	0	0	0	0	0	0	0	0	0	0	0	0	0	0	0	0	0	0	0	0	0	0	0	0	0	0	0	0	0	0	0	0	0	0	0	0	0	0	0	0	0	0	0	0	0	0	0	0	0	0	0	0	0	0	0	0	0	0	0	0	0	0	0	0	0	0	0	0	0	0	0	0	0	0	0	0	0	0	0	0	0	0	0	0	0	0	0	0	0	0	0	0	0	0	0	0	
9	0	0	0	0	0	0	0	0	0	0	0	0	0	0	0	0	0	0	0	0	0	0	0	0	0	0	0	0	0	0	0	0	0	0	0	0	0	0	0	0	0	0	0	0	0	0	0	0	0	0	0	0	0	0	0	0	0	0	0	0	0	0	0	0	0	0	0	0	0	0	0	0	0	0	0	0	0	0	0	0	0	0	0	0	0	0	0	0	0	0	0	0	0	0	0	0	0	0	0	0	
10	0	0	0	0	0	0	0	0	0	0	0	0	0	0	0	0	0	0	0	0	0	0	0	0	0	0	0	0	0	0	0	0	0	0	0	0	0	0	0	0	0	0	0	0	0	0	0	0	0	0	0	0	0	0	0	0	0	0	0	0	0	0	0	0	0	0	0	0	0	0	0	0	0	0	0	0	0	0	0	0	0	0	0	0	0	0	0	0	0	0	0	0	0	0	0	0	0	0	0	0	
11	0	0	0	0	0	0	0	0	0	0	0	0	0	0	0	0	0	0	0	0	0	0	0	0	0	0	0	0	0	0	0	0	0	0	0	0	0	0	0	0	0	0	0	0	0	0	0	0	0	0	0	0	0	0	0	0	0	0	0	0	0	0	0	0	0	0	0	0	0	0	0	0	0	0	0	0	0	0	0	0	0	0	0	0	0	0	0	0	0	0	0	0	0	0	0	0	0	0	0	0	
12	0	0	0	0	0	0	0	0	0	0	0	0	0	0	0	0	0	0	0	0	0	0	0	0	0	0	0	0	0	0	0	0	0	0	0	0	0	0	0	0	0	0	0	0	0	0	0	0	0	0	0	0	0	0	0	0	0	0	0	0	0	0	0	0	0	0	0	0	0	0	0	0	0	0	0	0	0	0	0	0	0	0	0	0	0	0	0	0	0	0	0	0	0	0	0	0	0	0	0	0	
13	0	0	0	0	0	0	0	0	0	0	0	0	0	0	0	0	0	0	0	0	0	0	0	0	0	0	0	0	0	0	0	0	0	0	0	0	0	0	0	0	0	0	0	0	0	0	0	0	0	0	0	0	0	0	0	0	0	0	0	0	0	0	0	0	0	0	0	0	0	0	0	0	0	0	0	0	0	0	0	0	0	0	0	0	0	0	0	0	0	0	0	0	0	0	0	0	0	0	0	0	
14	0	0	0	0	0	0	0	0	0	0	0	0	0	0	0	0	0	0	0	0	0	0	0	0	0	0	0	0	0	0	0	0	0	0	0	0	0	0	0	0	0	0	0	0	0	0	0	0	0	0	0	0	0	0	0	0	0	0	0	0	0	0	0	0	0	0	0	0	0	0	0	0	0	0	0	0	0	0	0	0	0	0	0	0	0	0	0	0	0	0	0	0	0	0	0	0	0	0	0	0	
15	0	0	0	0	0	0	0	0	0	0	0	0	0	0	0	0	0	0	0	0	0	0	0	0	0	0	0	0	0	0	0	0	0	0	0	0	0	0	0	0	0	0	0	0	0	0	0	0	0	0	0	0	0	0	0	0	0	0	0	0	0	0	0	0	0	0	0	0	0	0	0	0	0	0	0	0	0	0	0	0	0	0	0	0	0	0	0	0	0	0	0	0	0	0	0	0	0	0	0	0	
16	0	0	0	0	0	0	0	0	0	0	0	0	0	0	0	0	0	0	0	0	0	0	0	0	0	0	0	0	0	0	0	0	0	0	0	0	0	0	0	0	0	0	0	0	0	0	0	0	0	0	0	0	0	0	0	0	0	0	0	0	0	0	0	0	0	0	0	0	0	0	0	0	0	0	0	0	0	0	0	0	0	0	0	0	0	0	0	0	0	0	0	0	0	0	0	0	0	0	0	0	
17	0	0	0	0	0	0	0	0	0	0	0	0	0	0	0	0	0	0	0	0	0	0	0	0	0	0	0	0	0	0	0	0	0	0	0	0	0	0	0	0	0	0	0	0	0	0	0	0	0	0	0	0	0	0	0	0	0	0	0	0	0	0	0	0	0	0	0	0	0	0	0	0	0	0	0	0	0	0	0	0	0	0	0	0	0	0	0	0	0	0	0	0	0	0	0	0	0	0	0	0	
18	0	0	0	0	0	0	0	0	0	0	0	0	0	0	0	0	0	0	0	0	0	0	0	0	0	0	0	0	0	0	0	0	0	0	0	0	0	0	0	0	0	0	0	0	0	0	0	0	0	0	0	0	0	0	0	0	0	0	0	0	0	0	0	0	0	0	0	0	0	0	0	0	0	0	0	0	0	0	0	0	0	0	0	0	0	0	0	0	0	0	0	0	0	0	0	0	0	0	0	0	
19	0	0	0	0	0	0	0	0	0	0	0	0	0	0	0	0	0	0	0	0	0	0	0	0	0	0	0	0	0	0	0	0	0	0	0	0	0	0	0	0	0	0	0	0	0	0	0	0	0	0	0	0	0	0	0	0	0	0	0	0	0	0	0	0	0	0	0	0	0	0	0	0	0	0	0	0	0	0	0	0	0	0	0	0	0	0	0	0	0	0	0	0	0	0	0	0	0	0	0	0	
20	0	0	0	0	0	0	0	0	0	0	0	0	0	0	0	0	0	0	0	0	0	0	0	0	0	0	0	0	0	0	0	0	0	0	0	0	0	0	0	0	0	0	0	0	0	0	0	0	0	0	0	0	0	0	0	0	0	0	0	0	0	0	0	0	0	0	0	0	0	0	0	0	0	0	0	0	0	0	0	0	0	0	0	0	0	0	0	0	0	0	0	0	0	0	0	0	0	0	0	0	
21	0	0	0	0	0	0	0	0	0	0	0	0	0	0	0	0	0	0	0	0	0	0	0	0	0	0	0	0	0	0	0	0	0	0	0	0	0	0	0	0	0	0	0	0	0	0	0	0	0	0	0	0	0	0	0	0	0	0	0	0	0	0	0	0	0	0	0	0	0	0	0	0	0	0	0	0	0	0	0	0	0	0	0	0	0	0	0	0	0	0	0	0	0	0	0	0	0	0	0	0	
22	0	0	0	0	0	0	0	0	0	0	0	0	0	0	0	0	0	0	0	0	0	0	0	0	0	0	0	0	0	0	0	0	0	0	0	0	0	0	0	0	0	0	0	0	0	0	0	0	0	0	0	0	0	0	0	0	0	0	0	0	0	0	0	0	0	0	0	0	0	0	0	0	0	0	0	0	0	0	0	0	0	0	0	0	0	0	0	0	0	0	0	0	0	0	0	0	0	0	0	0	
23	0	0	0	0	0	0	0	0	0	0	0	0	0	0	0	0	0	0	0	0	0	0	0	0	0	0	0	0	0	0	0	0	0	0	0	0	0	0	0	0	0	0	0	0	0	0	0	0	0	0	0	0	0	0	0	0	0	0	0	0	0	0	0	0	0	0	0	0	0	0	0	0	0	0	0	0	0	0	0	0	0	0	0	0	0	0	0	0	0	0	0	0	0	0	0	0	0	0	0	0	
24	0	0	0	0	0	0	0	0	0	0	0	0	0	0	0	0	0	0	0	0	0	0	0	0	0	0	0	0	0	0	0	0	0	0	0	0	0	0	0	0	0	0	0	0	0	0	0	0	0	0	0	0	0	0	0	0	0	0	0	0	0	0	0	0	0	0	0	0	0	0	0	0	0	0	0	0	0	0	0	0	0	0	0	0	0	0	0	0	0	0	0	0	0	0	0	0	0	0	0	0	
25	0	0	0	0	0	0	0	0	0	0	0	0	0	0	0	0	0	0	0	0	0	0	0	0	0	0	0	0	0	0	0	0	0	0	0	0	0	0	0	0	0	0	0	0	0	0	0	0	0	0	0	0	0	0	0	0	0	0	0	0	0	0	0	0	0	0	0	0	0	0	0	0	0	0	0	0	0	0	0	0	0	0	0	0	0	0	0	0	0	0	0	0	0	0	0	0	0	0	0	0	
26	0	0	0	0	0	0	0	0	0	0	0	0	0	0	0	0	0	0	0	0	0	0	0	0	0	0	0	0	0	0	0	0	0	0	0	0	0	0	0	0	0	0	0	0	0	0	0	0	0	0	0	0	0	0	0	0	0	0	0	0	0	0	0	0	0	0	0	0	0	0	0	0	0	0	0	0	0	0	0	0	0	0	0	0	0	0	0	0	0	0	0	0	0	0	0	0	0	0	0	0	
27	0	0	0	0	0	0	0	0	0	0	0	0	0	0	0	0	0	0	0	0	0	0	0	0	0	0	0	0	0	0	0	0	0	0	0	0	0	0	0	0	0	0	0	0	0	0	0	0	0	0	0	0	0	0	0	0	0	0	0	0	0	0	0	0	0	0	0	0	0	0	0	0	0	0	0	0	0	0	0	0	0	0	0	0	0	0	0	0	0	0	0	0	0	0	0	0	0	0	0	0	
28	0	0	0	0	0	0	0	0	0	0	0	0	0	0	0	0	0	0	0	0	0	0	0	0	0	0	0	0	0	0	0	0	0	0	0	0	0	0	0	0	0	0	0	0	0	0	0	0	0	0	0	0	0	0	0	0	0	0	0	0	0	0	0	0	0	0	0	0	0	0	0	0	0	0	0	0	0	0	0	0	0	0	0	0	0	0	0	0	0	0	0	0	0	0	0	0	0	0	0	0	
29	0	0	0	0	0	0	0	0	0	0	0	0	0	0	0	0	0	0	0	0	0	0	0	0	0	0	0	0	0	0	0	0	0	0	0	0	0	0	0	0	0	0	0	0	0	0	0	0	0	0	0	0	0	0	0	0	0	0	0	0	0	0	0	0	0	0	0	0	0	0	0	0	0	0	0	0	0	0	0	0	0	0	0	0	0	0	0	0	0	0	0	0	0	0	0	0	0	0	0	0	
30	0	0	0	0	0	0	0	0	0	0	0	0	0	0	0	0	0	0	0	0	0	0	0	0	0	0	0	0	0	0	0	0	0	0	0	0	0	0	0	0	0	0	0	0	0	0	0	0	0	0	0	0	0	0	0	0	0	0	0	0	0	0	0	0	0	0	0	0	0	0	0	0	0	0	0	0	0	0	0	0	0	0	0	0	0	0	0	0	0	0	0	0	0	0	0	0	0	0	0	0	
--- Nat Int               --
Ite	f0	f1	f2	f3	f4	f5	f6	f7	f8	f9	f10	f11	f12	f13	f14	f15	f16	f17	f18	f19	f20	f21	f22	f23	f24	f25	f26	f27	f28	f29	f30	f31	f32	f33	f34	f35	f36	f37	f38	f39	f40	f41	f42	f43	f44	f45	f46	f47	f48	f49	f50	f51	f52	f53	f54	f55	f56	f57	f58	f59	f60	f61	f62	f63	f64	f65	f66	f67	f68	f69	f70	f71	f72	f73	f74	f75	f76	f77	f78	f79	f80	f81	f82	f83	f84	f85	f86	f87	f88	f89	f90	f91	f92	f93	f94	f95	f96	f97	f98	f99	
0	204	317	234	139	246	212	162	159	105	318	286	299	229	207	217	168	140	189	239	205	261	184	243	171	208	214	312	197	151	148	121	243	172	248	137	122	308	95	243	145	272	160	167	168	207	204	239	216	262	203	280	165	235	157	272	179	263	204	209	212	268	224	100	304	206	181	274	129	242	181	280	227	253	121	212	206	171	204	120	260	306	187	249	253	108	207	315	249	181	118	97	341	205	268	230	126	161	238	236	198	
1	15	84	42	1	15	12	8	3	2	135	72	147	36	12	55	32	7	15	93	63	75	24	64	24	20	32	113	24	10	12	14	87	62	44	10	15	125	4	19	5	39	0	11	17	60	22	40	20	45	77	174	4	46	32	34	17	72	15	38	12	100	24	0	62	35	27	23	19	100	37	89	25	30	8	23	73	29	49	12	65	133	24	111	10	12	31	170	50	38	9	2	184	42	47	73	30	19	42	42	34	
2	0	7	13	0	0	0	0	0	0	20	6	13	0	0	2	0	0	0	15	4	1	4	6	0	0	3	14	0	0	4	1	16	5	0	0	0	8	0	0	0	0	0	1	0	4	0	0	3	1	5	43	0	2	1	2	0	5	0	1	0	9	0	0	3	0	0	0	0	3	0	1	0	1	0	2	3	0	14	0	10	14	0	8	0	1	0	1	3	3	0	0	14	0	3	7	5	3	9	2	0	
3	0	0	1	0	0	0	0	0	0	1	1	0	0	0	0	0	0	0	1	0	0	0	1	0	0	0	0	0	0	0	0	0	0	0	0	0	0	0	0	0	0	0	0	0	0	0	0	0	0	0	1	0	1	0	1	0	0	0	1	0	0	0	0	0	0	0	0	0	0	0	0	0	1	0	0	0	0	1	0	1	2	0	0	0	1	0	0	2	0	0	0	0	0	0	0	1	2	0	0	0	
4	0	0	0	0	0	0	0	0	0	1	1	0	0	0	0	0	0	0	0	0	0	0	0	0	0	0	0	0	0	0	0	0	0	0	0	0	0	0	0	0	0	0	0	0	0	0	0	0	0	0	0	0	1	0	0	0	0	0	1	0	0	0	0	0	0	0	0	0	0	0	0	0	1	0	0	0	0	1	0	0	0	0	0	0	1	0	0	2	0	0	0	0	0	0	0	0	2	0	0	0	
5	0	0	0	0	0	0	0	0	0	1	1	0	0	0	0	0	0	0	0	0	0	0	0	0	0	0	0	0	0	0	0	0	0	0	0	0	0	0	0	0	0	0	0	0	0	0	0	0	0	0	0	0	1	0	0	0	0	0	1	0	0	0	0	0	0	0	0	0	0	0	0	0	1	0	0	0	0	1	0	0	0	0	0	0	1	0	0	2	0	0	0	0	0	0	0	0	2	0	0	0	
6	0	0	0	0	0	0	0	0	0	1	1	0	0	0	0	0	0	0	0	0	0	0	0	0	0	0	0	0	0	0	0	0	0	0	0	0	0	0	0	0	0	0	0	0	0	0	0	0	0	0	0	0	1	0	0	0	0	0	1	0	0	0	0	0	0	0	0	0	0	0	0	0	1	0	0	0	0	1	0	0	0	0	0	0	1	0	0	2	0	0	0	0	0	0	0	0	2	0	0	0	
7	0	0	0	0	0	0	0	0	0	1	1	0	0	0	0	0	0	0	0	0	0	0	0	0	0	0	0	0	0	0	0	0	0	0	0	0	0	0	0	0	0	0	0	0	0	0	0	0	0	0	0	0	1	0	0	0	0	0	1	0	0	0	0	0	0	0	0	0	0	0	0	0	1	0	0	0	0	1	0	0	0	0	0	0	1	0	0	2	0	0	0	0	0	0	0	0	2	0	0	0	
8	0	0	0	0	0	0	0	0	0	1	1	0	0	0	0	0	0	0	0	0	0	0	0	0	0	0	0	0	0	0	0	0	0	0	0	0	0	0	0	0	0	0	0	0	0	0	0	0	0	0	0	0	1	0	0	0	0	0	1	0	0	0	0	0	0	0	0	0	0	0	0	0	1	0	0	0	0	1	0	0	0	0	0	0	1	0	0	2	0	0	0	0	0	0	0	0	2	0	0	0	
9	0	0	0	0	0	0	0	0	0	1	1	0	0	0	0	0	0	0	0	0	0	0	0	0	0	0	0	0	0	0	0	0	0	0	0	0	0	0	0	0	0	0	0	0	0	0	0	0	0	0	0	0	1	0	0	0	0	0	1	0	0	0	0	0	0	0	0	0	0	0	0	0	1	0	0	0	0	1	0	0	0	0	0	0	1	0	0	2	0	0	0	0	0	0	0	0	2	0	0	0	
10	0	0	0	0	0	0	0	0	0	1	1	0	0	0	0	0	0	0	0	0	0	0	0	0	0	0	0	0	0	0	0	0	0	0	0	0	0	0	0	0	0	0	0	0	0	0	0	0	0	0	0	0	1	0	0	0	0	0	1	0	0	0	0	0	0	0	0	0	0	0	0	0	1	0	0	0	0	1	0	0	0	0	0	0	1	0	0	2	0	0	0	0	0	0	0	0	2	0	0	0	
11	0	0	0	0	0	0	0	0	0	1	1	0	0	0	0	0	0	0	0	0	0	0	0	0	0	0	0	0	0	0	0	0	0	0	0	0	0	0	0	0	0	0	0	0	0	0	0	0	0	0	0	0	1	0	0	0	0	0	1	0	0	0	0	0	0	0	0	0	0	0	0	0	1	0	0	0	0	1	0	0	0	0	0	0	1	0	0	2	0	0	0	0	0	0	0	0	2	0	0	0	
12	0	0	0	0	0	0	0	0	0	1	1	0	0	0	0	0	0	0	0	0	0	0	0	0	0	0	0	0	0	0	0	0	0	0	0	0	0	0	0	0	0	0	0	0	0	0	0	0	0	0	0	0	1	0	0	0	0	0	1	0	0	0	0	0	0	0	0	0	0	0	0	0	1	0	0	0	0	1	0	0	0	0	0	0	1	0	0	2	0	0	0	0	0	0	0	0	2	0	0	0	
13	0	0	0	0	0	0	0	0	0	1	1	0	0	0	0	0	0	0	0	0	0	0	0	0	0	0	0	0	0	0	0	0	0	0	0	0	0	0	0	0	0	0	0	0	0	0	0	0	0	0	0	0	1	0	0	0	0	0	1	0	0	0	0	0	0	0	0	0	0	0	0	0	1	0	0	0	0	1	0	0	0	0	0	0	1	0	0	2	0	0	0	0	0	0	0	0	2	0	0	0	
14	0	0	0	0	0	0	0	0	0	1	1	0	0	0	0	0	0	0	0	0	0	0	0	0	0	0	0	0	0	0	0	0	0	0	0	0	0	0	0	0	0	0	0	0	0	0	0	0	0	0	0	0	1	0	0	0	0	0	1	0	0	0	0	0	0	0	0	0	0	0	0	0	1	0	0	0	0	1	0	0	0	0	0	0	1	0	0	2	0	0	0	0	0	0	0	0	2	0	0	0	
15	0	0	0	0	0	0	0	0	0	1	1	0	0	0	0	0	0	0	0	0	0	0	0	0	0	0	0	0	0	0	0	0	0	0	0	0	0	0	0	0	0	0	0	0	0	0	0	0	0	0	0	0	1	0	0	0	0	0	1	0	0	0	0	0	0	0	0	0	0	0	0	0	1	0	0	0	0	1	0	0	0	0	0	0	1	0	0	2	0	0	0	0	0	0	0	0	2	0	0	0	
16	0	0	0	0	0	0	0	0	0	1	1	0	0	0	0	0	0	0	0	0	0	0	0	0	0	0	0	0	0	0	0	0	0	0	0	0	0	0	0	0	0	0	0	0	0	0	0	0	0	0	0	0	1	0	0	0	0	0	1	0	0	0	0	0	0	0	0	0	0	0	0	0	1	0	0	0	0	1	0	0	0	0	0	0	1	0	0	2	0	0	0	0	0	0	0	0	2	0	0	0	
17	0	0	0	0	0	0	0	0	0	1	1	0	0	0	0	0	0	0	0	0	0	0	0	0	0	0	0	0	0	0	0	0	0	0	0	0	0	0	0	0	0	0	0	0	0	0	0	0	0	0	0	0	1	0	0	0	0	0	1	0	0	0	0	0	0	0	0	0	0	0	0	0	1	0	0	0	0	1	0	0	0	0	0	0	1	0	0	2	0	0	0	0	0	0	0	0	2	0	0	0	
18	0	0	0	0	0	0	0	0	0	1	1	0	0	0	0	0	0	0	0	0	0	0	0	0	0	0	0	0	0	0	0	0	0	0	0	0	0	0	0	0	0	0	0	0	0	0	0	0	0	0	0	0	1	0	0	0	0	0	1	0	0	0	0	0	0	0	0	0	0	0	0	0	1	0	0	0	0	1	0	0	0	0	0	0	1	0	0	2	0	0	0	0	0	0	0	0	2	0	0	0	
19	0	0	0	0	0	0	0	0	0	1	1	0	0	0	0	0	0	0	0	0	0	0	0	0	0	0	0	0	0	0	0	0	0	0	0	0	0	0	0	0	0	0	0	0	0	0	0	0	0	0	0	0	1	0	0	0	0	0	1	0	0	0	0	0	0	0	0	0	0	0	0	0	1	0	0	0	0	1	0	0	0	0	0	0	1	0	0	2	0	0	0	0	0	0	0	0	2	0	0	0	
20	0	0	0	0	0	0	0	0	0	1	1	0	0	0	0	0	0	0	0	0	0	0	0	0	0	0	0	0	0	0	0	0	0	0	0	0	0	0	0	0	0	0	0	0	0	0	0	0	0	0	0	0	1	0	0	0	0	0	1	0	0	0	0	0	0	0	0	0	0	0	0	0	1	0	0	0	0	1	0	0	0	0	0	0	1	0	0	2	0	0	0	0	0	0	0	0	2	0	0	0	
21	0	0	0	0	0	0	0	0	0	1	1	0	0	0	0	0	0	0	0	0	0	0	0	0	0	0	0	0	0	0	0	0	0	0	0	0	0	0	0	0	0	0	0	0	0	0	0	0	0	0	0	0	1	0	0	0	0	0	1	0	0	0	0	0	0	0	0	0	0	0	0	0	1	0	0	0	0	1	0	0	0	0	0	0	1	0	0	2	0	0	0	0	0	0	0	0	2	0	0	0	
22	0	0	0	0	0	0	0	0	0	1	1	0	0	0	0	0	0	0	0	0	0	0	0	0	0	0	0	0	0	0	0	0	0	0	0	0	0	0	0	0	0	0	0	0	0	0	0	0	0	0	0	0	1	0	0	0	0	0	1	0	0	0	0	0	0	0	0	0	0	0	0	0	1	0	0	0	0	1	0	0	0	0	0	0	1	0	0	2	0	0	0	0	0	0	0	0	2	0	0	0	
23	0	0	0	0	0	0	0	0	0	1	1	0	0	0	0	0	0	0	0	0	0	0	0	0	0	0	0	0	0	0	0	0	0	0	0	0	0	0	0	0	0	0	0	0	0	0	0	0	0	0	0	0	1	0	0	0	0	0	1	0	0	0	0	0	0	0	0	0	0	0	0	0	1	0	0	0	0	1	0	0	0	0	0	0	1	0	0	2	0	0	0	0	0	0	0	0	2	0	0	0	
24	0	0	0	0	0	0	0	0	0	1	1	0	0	0	0	0	0	0	0	0	0	0	0	0	0	0	0	0	0	0	0	0	0	0	0	0	0	0	0	0	0	0	0	0	0	0	0	0	0	0	0	0	1	0	0	0	0	0	1	0	0	0	0	0	0	0	0	0	0	0	0	0	1	0	0	0	0	1	0	0	0	0	0	0	1	0	0	2	0	0	0	0	0	0	0	0	2	0	0	0	
25	0	0	0	0	0	0	0	0	0	1	1	0	0	0	0	0	0	0	0	0	0	0	0	0	0	0	0	0	0	0	0	0	0	0	0	0	0	0	0	0	0	0	0	0	0	0	0	0	0	0	0	0	1	0	0	0	0	0	1	0	0	0	0	0	0	0	0	0	0	0	0	0	1	0	0	0	0	1	0	0	0	0	0	0	1	0	0	2	0	0	0	0	0	0	0	0	2	0	0	0	
26	0	0	0	0	0	0	0	0	0	1	1	0	0	0	0	0	0	0	0	0	0	0	0	0	0	0	0	0	0	0	0	0	0	0	0	0	0	0	0	0	0	0	0	0	0	0	0	0	0	0	0	0	1	0	0	0	0	0	1	0	0	0	0	0	0	0	0	0	0	0	0	0	1	0	0	0	0	1	0	0	0	0	0	0	1	0	0	2	0	0	0	0	0	0	0	0	2	0	0	0	
27	0	0	0	0	0	0	0	0	0	1	1	0	0	0	0	0	0	0	0	0	0	0	0	0	0	0	0	0	0	0	0	0	0	0	0	0	0	0	0	0	0	0	0	0	0	0	0	0	0	0	0	0	1	0	0	0	0	0	1	0	0	0	0	0	0	0	0	0	0	0	0	0	1	0	0	0	0	1	0	0	0	0	0	0	1	0	0	2	0	0	0	0	0	0	0	0	2	0	0	0	
28	0	0	0	0	0	0	0	0	0	1	1	0	0	0	0	0	0	0	0	0	0	0	0	0	0	0	0	0	0	0	0	0	0	0	0	0	0	0	0	0	0	0	0	0	0	0	0	0	0	0	0	0	1	0	0	0	0	0	1	0	0	0	0	0	0	0	0	0	0	0	0	0	1	0	0	0	0	1	0	0	0	0	0	0	1	0	0	2	0	0	0	0	0	0	0	0	2	0	0	0	
29	0	0	0	0	0	0	0	0	0	1	1	0	0	0	0	0	0	0	0	0	0	0	0	0	0	0	0	0	0	0	0	0	0	0	0	0	0	0	0	0	0	0	0	0	0	0	0	0	0	0	0	0	1	0	0	0	0	0	1	0	0	0	0	0	0	0	0	0	0	0	0	0	1	0	0	0	0	1	0	0	0	0	0	0	1	0	0	2	0	0	0	0	0	0	0	0	2	0	0	0	
30	0	0	0	0	0	0	0	0	0	1	1	0	0	0	0	0	0	0	0	0	0	0	0	0	0	0	0	0	0	0	0	0	0	0	0	0	0	0	0	0	0	0	0	0	0	0	0	0	0	0	0	0	1	0	0	0	0	0	1	0	0	0	0	0	0	0	0	0	0	0	0	0	1	0	0	0	0	1	0	0	0	0	0	0	1	0	0	2	0	0	0	0	0	0	0	0	2	0	0	0	
31	0	0	0	0	0	0	0	0	0	0	0	0	0	0	0	0	0	0	0	0	0	0	0	0	0	0	0	0	0	0	0	0	0	0	0	0	0	0	0	0	0	0	0	0	0	0	0	0	0	0	0	0	0	0	0	0	0	0	0	0	0	0	0	0	0	0	0	0	0	0	0	0	0	0	0	0	0	0	0	0	0	0	0	0	0	0	0	0	0	0	0	0	0	0	0	0	0	0	0	0	
--- Int Nat               --
Ite	f0	f1	f2	f3	f4	f5	f6	f7	f8	f9	f10	f11	f12	f13	f14	f15	f16	f17	f18	f19	f20	f21	f22	f23	f24	f25	f26	f27	f28	f29	f30	f31	f32	f33	f34	f35	f36	f37	f38	f39	f40	f41	f42	f43	f44	f45	f46	f47	f48	f49	f50	f51	f52	f53	f54	f55	f56	f57	f58	f59	f60	f61	f62	f63	f64	f65	f66	f67	f68	f69	f70	f71	f72	f73	f74	f75	f76	f77	f78	f79	f80	f81	f82	f83	f84	f85	f86	f87	f88	f89	f90	f91	f92	f93	f94	f95	f96	f97	f98	f99	
0	354	400	341	331	327	336	302	316	243	364	406	387	323	350	325	312	297	348	348	328	361	298	325	319	302	315	420	345	328	284	275	317	283	405	271	243	443	265	324	296	395	316	313	283	344	307	379	318	373	359	333	300	336	305	391	354	320	322	330	366	382	346	294	370	336	321	380	272	378	307	376	314	341	263	293	324	328	301	292	340	381	335	378	383	260	360	359	385	288	292	226	389	348	381	329	260	302	360	339	295	
1	85	201	99	17	115	84	47	41	36	192	170	264	122	82	123	94	60	58	162	131	163	87	148	79	105	101	213	101	49	70	44	175	121	142	48	43	213	28	123	37	114	32	67	56	87	90	141	104	141	138	227	50	136	62	125	82	182	82	112	86	201	109	25	171	109	99	154	71	126	113	219	99	110	36	101	116	64	119	25	164	220	76	156	90	35	102	273	157	97	39	27	278	81	162	132	69	46	110	124	110	
2	0	28	28	0	2	2	0	0	0	63	27	59	0	0	19	7	2	2	45	20	22	12	30	1	2	8	40	1	0	5	4	41	25	7	1	1	56	0	0	0	6	0	2	1	37	1	4	6	4	26	112	1	11	6	8	3	22	1	2	1	34	3	0	28	2	4	1	1	42	3	24	4	3	0	9	27	9	26	5	37	53	7	46	0	3	6	33	9	14	1	0	71	11	5	30	14	7	18	6	3	
3	0	1	2	0	0	0	0	0	0	5	1	2	0	0	1	0	0	0	2	0	0	0	4	0	0	1	1	0	0	0	0	3	1	0	0	0	1	0	0	0	0	0	0	0	1	0	0	0	0	0	11	0	1	1	1	0	1	0	1	0	4	0	0	0	0	0	0	0	1	0	1	0	1	0	0	1	0	4	0	2	4	0	0	0	1	0	0	2	1	0	0	3	0	0	1	1	2	2	1	0	
4	0	0	0	0	0	0	0	0	0	1	1	0	0	0	0	0	0	0	0	0	0	0	0	0	0	0	0	0	0	0	0	0	0	0	0	0	0	0	0	0	0	0	0	0	0	0	0	0	0	0	0	0	1	0	0	0	0	0	1	0	0	0	0	0	0	0	0	0	0	0	0	0	1	0	0	0	0	1	0	0	0	0	0	0	1	0	0	2	0	0	0	0	0	0	0	0	2	0	0	0	
5	0	0	0	0	0	0	0	0	0	1	1	0	0	0	0	0	0	0	0	0	0	0	0	0	0	0	0	0	0	0	0	0	0	0	0	0	0	0	0	0	0	0	0	0	0	0	0	0	0	0	0	0	1	0	0	0	0	0	1	0	0	0	0	0	0	0	0	0	0	0	0	0	1	0	0	0	0	1	0	0	0	0	0	0	1	0	0	2	0	0	0	0	0	0	0	0	2	0	0	0	
6	0	0	0	0	0	0	0	0	0	1	1	0	0	0	0	0	0	0	0	0	0	0	0	0	0	0	0	0	0	0	0	0	0	0	0	0	0	0	0	0	0	0	0	0	0	0	0	0	0	0	0	0	1	0	0	0	0	0	1	0	0	0	0	0	0	0	0	0	0	0	0	0	1	0	0	0	0	1	0	0	0	0	0	0	1	0	0	2	0	0	0	0	0	0	0	0	2	0	0	0	
7	0	0	0	0	0	0	0	0	0	1	1	0	0	0	0	0	0	0	0	0	0	0	0	0	0	0	0	0	0	0	0	0	0	0	0	0	0	0	0	0	0	0	0	0	0	0	0	0	0	0	0	0	1	0	0	0	0	0	1	0	0	0	0	0	0	0	0	0	0	0	0	0	1	0	0	0	0	1	0	0	0	0	0	0	1	0	0	2	0	0	0	0	0	0	0	0	2	0	0	0	
8	0	0	0	0	0	0	0	0	0	1	1	0	0	0	0	0	0	0	0	0	0	0	0	0	0	0	0	0	0	0	0	0	0	0	0	0	0	0	0	0	0	0	0	0	0	0	0	0	0	0	0	0	1	0	0	0	0	0	1	0	0	0	0	0	0	0	0	0	0	0	0	0	1	0	0	0	0	1	0	0	0	0	0	0	1	0	0	2	0	0	0	0	0	0	0	0	2	0	0	0	
9	0	0	0	0	0	0	0	0	0	1	1	0	0	0	0	0	0	0	0	0	0	0	0	0	0	0	0	0	0	0	0	0	0	0	0	0	0	0	0	0	0	0	0	0	0	0	0	0	0	0	0	0	1	0	0	0	0	0	1	0	0	0	0	0	0	0	0	0	0	0	0	0	1	0	0	0	0	1	0	0	0	0	0	0	1	0	0	2	0	0	0	0	0	0	0	0	2	0	0	0	
10	0	0	0	0	0	0	0	0	0	1	1	0	0	0	0	0	0	0	0	0	0	0	0	0	0	0	0	0	0	0	0	0	0	0	0	0	0	0	0	0	0	0	0	0	0	0	0	0	0	0	0	0	1	0	0	0	0	0	1	0	0	0	0	0	0	0	0	0	0	0	0	0	1	0	0	0	0	1	0	0	0	0	0	0	1	0	0	2	0	0	0	0	0	0	0	0	2	0	0	0	
11	0	0	0	0	0	0	0	0	0	1	1	0	0	0	0	0	0	0	0	0	0	0	0	0	0	0	0	0	0	0	0	0	0	0	0	0	0	0	0	0	0	0	0	0	0	0	0	0	0	0	0	0	1	0	0	0	0	0	1	0	0	0	0	0	0	0	0	0	0	0	0	0	1	0	0	0	0	1	0	0	0	0	0	0	1	0	0	2	0	0	0	0	0	0	0	0	2	0	0	0	
12	0	0	0	0	0	0	0	0	0	1	1	0	0	0	0	0	0	0	0	0	0	0	0	0	0	0	0	0	0	0	0	0	0	0	0	0	0	0	0	0	0	0	0	0	0	0	0	0	0	0	0	0	1	0	0	0	0	0	1	0	0	0	0	0	0	0	0	0	0	0	0	0	1	0	0	0	0	1	0	0	0	0	0	0	1	0	0	2	0	0	0	0	0	0	0	0	2	0	0	0	
13	0	0	0	0	0	0	0	0	0	1	1	0	0	0	0	0	0	0	0	0	0	0	0	0	0	0	0	0	0	0	0	0	0	0	0	0	0	0	0	0	0	0	0	0	0	0	0	0	0	0	0	0	1	0	0	0	0	0	1	0	0	0	0	0	0	0	0	0	0	0	0	0	1	0	0	0	0	1	0	0	0	0	0	0	1	0	0	2	0	0	0	0	0	0	0	0	2	0	0	0	
14	0	0	0	0	0	0	0	0	0	1	1	0	0	0	0	0	0	0	0	0	0	0	0	0	0	0	0	0	0	0	0	0	0	0	0	0	0	0	0	0	0	0	0	0	0	0	0	0	0	0	0	0	1	0	0	0	0	0	1	0	0	0	0	0	0	0	0	0	0	0	0	0	1	0	0	0	0	1	0	0	0	0	0	0	1	0	0	2	0	0	0	0	0	0	0	0	2	0	0	0	
15	0	0	0	0	0	0	0	0	0	1	1	0	0	0	0	0	0	0	0	0	0	0	0	0	0	0	0	0	0	0	0	0	0	0	0	0	0	0	0	0	0	0	0	0	0	0	0	0	0	0	0	0	1	0	0	0	0	0	1	0	0	0	0	0	0	0	0	0	0	0	0	0	1	0	0	0	0	1	0	0	0	0	0	0	1	0	0	2	0	0	0	0	0	0	0	0	2	0	0	0	
16	0	0	0	0	0	0	0	0	0	1	1	0	0	0	0	0	0	0	0	0	0	0	0	0	0	0	0	0	0	0	0	0	0	0	0	0	0	0	0	0	0	0	0	0	0	0	0	0	0	0	0	0	1	0	0	0	0	0	1	0	0	0	0	0	0	0	0	0	0	0	0	0	1	0	0	0	0	1	0	0	0	0	0	0	1	0	0	2	0	0	0	0	0	0	0	0	2	0	0	0	
17	0	0	0	0	0	0	0	0	0	1	1	0	0	0	0	0	0	0	0	0	0	0	0	0	0	0	0	0	0	0	0	0	0	0	0	0	0	0	0	0	0	0	0	0	0	0	0	0	0	0	0	0	1	0	0	0	0	0	1	0	0	0	0	0	0	0	0	0	0	0	0	0	1	0	0	0	0	1	0	0	0	0	0	0	1	0	0	2	0	0	0	0	0	0	0	0	2	0	0	0	
18	0	0	0	0	0	0	0	0	0	1	1	0	0	0	0	0	0	0	0	0	0	0	0	0	0	0	0	0	0	0	0	0	0	0	0	0	0	0	0	0	0	0	0	0	0	0	0	0	0	0	0	0	1	0	0	0	0	0	1	0	0	0	0	0	0	0	0	0	0	0	0	0	1	0	0	0	0	1	0	0	0	0	0	0	1	0	0	2	0	0	0	0	0	0	0	0	2	0	0	0	
19	0	0	0	0	0	0	0	0	0	1	1	0	0	0	0	0	0	0	0	0	0	0	0	0	0	0	0	0	0	0	0	0	0	0	0	0	0	0	0	0	0	0	0	0	0	0	0	0	0	0	0	0	1	0	0	0	0	0	1	0	0	0	0	0	0	0	0	0	0	0	0	0	1	0	0	0	0	1	0	0	0	0	0	0	1	0	0	2	0	0	0	0	0	0	0	0	2	0	0	0	
20	0	0	0	0	0	0	0	0	0	1	1	0	0	0	0	0	0	0	0	0	0	0	0	0	0	0	0	0	0	0	0	0	0	0	0	0	0	0	0	0	0	0	0	0	0	0	0	0	0	0	0	0	1	0	0	0	0	0	1	0	0	0	0	0	0	0	0	0	0	0	0	0	1	0	0	0	0	1	0	0	0	0	0	0	1	0	0	2	0	0	0	0	0	0	0	0	2	0	0	0	
21	0	0	0	0	0	0	0	0	0	1	1	0	0	0	0	0	0	0	0	0	0	0	0	0	0	0	0	0	0	0	0	0	0	0	0	0	0	0	0	0	0	0	0	0	0	0	0	0	0	0	0	0	1	0	0	0	0	0	1	0	0	0	0	0	0	0	0	0	0	0	0	0	1	0	0	0	0	1	0	0	0	0	0	0	1	0	0	2	0	0	0	0	0	0	0	0	2	0	0	0	
22	0	0	0	0	0	0	0	0	0	1	1	0	0	0	0	0	0	0	0	0	0	0	0	0	0	0	0	0	0	0	0	0	0	0	0	0	0	0	0	0	0	0	0	0	0	0	0	0	0	0	0	0	1	0	0	0	0	0	1	0	0	0	0	0	0	0	0	0	0	0	0	0	1	0	0	0	0	1	0	0	0	0	0	0	1	0	0	2	0	0	0	0	0	0	0	0	2	0	0	0	
23	0	0	0	0	0	0	0	0	0	1	1	0	0	0	0	0	0	0	0	0	0	0	0	0	0	0	0	0	0	0	0	0	0	0	0	0	0	0	0	0	0	0	0	0	0	0	0	0	0	0	0	0	1	0	0	0	0	0	1	0	0	0	0	0	0	0	0	0	0	0	0	0	1	0	0	0	0	1	0	0	0	0	0	0	1	0	0	2	0	0	0	0	0	0	0	0	2	0	0	0	
24	0	0	0	0	0	0	0	0	0	1	1	0	0	0	0	0	0	0	0	0	0	0	0	0	0	0	0	0	0	0	0	0	0	0	0	0	0	0	0	0	0	0	0	0	0	0	0	0	0	0	0	0	1	0	0	0	0	0	1	0	0	0	0	0	0	0	0	0	0	0	0	0	1	0	0	0	0	1	0	0	0	0	0	0	1	0	0	2	0	0	0	0	0	0	0	0	2	0	0	0	
25	0	0	0	0	0	0	0	0	0	1	1	0	0	0	0	0	0	0	0	0	0	0	0	0	0	0	0	0	0	0	0	0	0	0	0	0	0	0	0	0	0	0	0	0	0	0	0	0	0	0	0	0	1	0	0	0	0	0	1	0	0	0	0	0	0	0	0	0	0	0	0	0	1	0	0	0	0	1	0	0	0	0	0	0	1	0	0	2	0	0	0	0	0	0	0	0	2	0	0	0	
26	0	0	0	0	0	0	0	0	0	1	1	0	0	0	0	0	0	0	0	0	0	0	0	0	0	0	0	0	0	0	0	0	0	0	0	0	0	0	0	0	0	0	0	0	0	0	0	0	0	0	0	0	1	0	0	0	0	0	1	0	0	0	0	0	0	0	0	0	0	0	0	0	1	0	0	0	0	1	0	0	0	0	0	0	1	0	0	2	0	0	0	0	0	0	0	0	2	0	0	0	
27	0	0	0	0	0	0	0	0	0	1	1	0	0	0	0	0	0	0	0	0	0	0	0	0	0	0	0	0	0	0	0	0	0	0	0	0	0	0	0	0	0	0	0	0	0	0	0	0	0	0	0	0	1	0	0	0	0	0	1	0	0	0	0	0	0	0	0	0	0	0	0	0	1	0	0	0	0	1	0	0	0	0	0	0	1	0	0	2	0	0	0	0	0	0	0	0	2	0	0	0	
28	0	0	0	0	0	0	0	0	0	1	1	0	0	0	0	0	0	0	0	0	0	0	0	0	0	0	0	0	0	0	0	0	0	0	0	0	0	0	0	0	0	0	0	0	0	0	0	0	0	0	0	0	1	0	0	0	0	0	1	0	0	0	0	0	0	0	0	0	0	0	0	0	1	0	0	0	0	1	0	0	0	0	0	0	1	0	0	2	0	0	0	0	0	0	0	0	2	0	0	0	
29	0	0	0	0	0	0	0	0	0	1	1	0	0	0	0	0	0	0	0	0	0	0	0	0	0	0	0	0	0	0	0	0	0	0	0	0	0	0	0	0	0	0	0	0	0	0	0	0	0	0	0	0	1	0	0	0	0	0	1	0	0	0	0	0	0	0	0	0	0	0	0	0	1	0	0	0	0	1	0	0	0	0	0	0	1	0	0	2	0	0	0	0	0	0	0	0	2	0	0	0	
30	0	0	0	0	0	0	0	0	0	1	1	0	0	0	0	0	0	0	0	0	0	0	0	0	0	0	0	0	0	0	0	0	0	0	0	0	0	0	0	0	0	0	0	0	0	0	0	0	0	0	0	0	1	0	0	0	0	0	1	0	0	0	0	0	0	0	0	0	0	0	0	0	1	0	0	0	0	1	0	0	0	0	0	0	1	0	0	2	0	0	0	0	0	0	0	0	2	0	0	0	
--- Errors               --
Ite	f0	f1	f2	f3	f4	f5	f6	f7	f8	f9	f10	f11	f12	f13	f14	f15	f16	f17	f18	f19	f20	f21	f22	f23	f24	f25	f26	f27	f28	f29	f30	f31	f32	f33	f34	f35	f36	f37	f38	f39	f40	f41	f42	f43	f44	f45	f46	f47	f48	f49	f50	f51	f52	f53	f54	f55	f56	f57	f58	f59	f60	f61	f62	f63	f64	f65	f66	f67	f68	f69	f70	f71	f72	f73	f74	f75	f76	f77	f78	f79	f80	f81	f82	f83	f84	f85	f86	f87	f88	f89	f90	f91	f92	f93	f94	f95	f96	f97	f98	f99	
0	59	85	70	36	76	51	45	29	24	90	83	100	77	69	67	39	43	41	76	51	83	50	76	43	51	56	75	71	52	41	44	72	54	91	39	30	94	21	68	50	83	42	39	46	74	66	64	50	58	69	84	30	53	44	72	55	75	51	69	50	99	52	25	102	64	46	100	34	60	71	81	65	69	24	59	56	38	58	32	55	93	62	82	68	36	73	88	84	54	35	25	100	67	100	67	21	52	79	70	44	
1	0	21	10	0	0	2	0	0	0	35	14	21	6	2	11	2	0	1	21	10	12	8	9	3	1	4	21	0	0	3	0	18	7	7	0	4	29	0	0	0	7	0	3	2	10	0	3	0	6	18	29	0	8	0	8	3	17	1	1	0	20	1	0	13	5	4	5	1	19	1	13	3	2	0	2	8	3	17	2	10	30	0	19	3	3	3	28	10	4	0	0	31	5	7	14	4	3	14	6	2	
2	0	0	0	0	0	0	0	0	0	0	0	0	0	0	0	0	0	0	0	0	0	1	0	0	0	0	0	0	0	0	0	3	0	0	0	0	0	0	0	0	0	0	0	0	0	0	0	0	0	0	2	0	0	0	0	0	0	0	0	0	4	0	0	0	0	0	0	0	0	0	0	0	0	0	0	0	0	1	0	0	3	0	0	0	0	0	0	0	0	0	0	0	0	0	0	0	0	2	0	0	
3	0	0	0	0	0	0	0	0	0	0	0	0	0	0	0	0	0	0	0	0	0	0	0	0	0	0	0	0	0	0	0	0	0	0	0	0	0	0	0	0	0	0	0	0	0	0	0	0	0	0	0	0	0	0	0	0	0	0	0	0	0	0	0	0	0	0	0	0	0	0	0	0	0	0	0	0	0	0	0	0	0	0	0	0	0	0	0	0	0	0	0	0	0	0	0	0	0	0	0	0	
4	0	0	0	0	0	0	0	0	0	0	0	0	0	0	0	0	0	0	0	0	0	0	0	0	0	0	0	0	0	0	0	0	0	0	0	0	0	0	0	0	0	0	0	0	0	0	0	0	0	0	0	0	0	0	0	0	0	0	0	0	0	0	0	0	0	0	0	0	0	0	0	0	0	0	0	0	0	0	0	0	0	0	0	0	0	0	0	0	0	0	0	0	0	0	0	0	0	0	0	0	
5	0	0	0	0	0	0	0	0	0	0	0	0	0	0	0	0	0	0	0	0	0	0	0	0	0	0	0	0	0	0	0	0	0	0	0	0	0	0	0	0	0	0	0	0	0	0	0	0	0	0	0	0	0	0	0	0	0	0	0	0	0	0	0	0	0	0	0	0	0	0	0	0	0	0	0	0	0	0	0	0	0	0	0	0	0	0	0	0	0	0	0	0	0	0	0	0	0	0	0	0	
6	0	0	0	0	0	0	0	0	0	0	0	0	0	0	0	0	0	0	0	0	0	0	0	0	0	0	0	0	0	0	0	0	0	0	0	0	0	0	0	0	0	0	0	0	0	0	0	0	0	0	0	0	0	0	0	0	0	0	0	0	0	0	0	0	0	0	0	0	0	0	0	0	0	0	0	0	0	0	0	0	0	0	0	0	0	0	0	0	0	0	0	0	0	0	0	0	0	0	0	0	
7	0	0	0	0	0	0	0	0	0	0	0	0	0	0	0	0	0	0	0	0	0	0	0	0	0	0	0	0	0	0	0	0	0	0	0	0	0	0	0	0	0	0	0	0	0	0	0	0	0	0	0	0	0	0	0	0	0	0	0	0	0	0	0	0	0	0	0	0	0	0	0	0	0	0	0	0	0	0	0	0	0	0	0	0	0	0	0	0	0	0	0	0	0	0	0	0	0	0	0	0	
8	0	0	0	0	0	0	0	0	0	0	0	0	0	0	0	0	0	0	0	0	0	0	0	0	0	0	0	0	0	0	0	0	0	0	0	0	0	0	0	0	0	0	0	0	0	0	0	0	0	0	0	0	0	0	0	0	0	0	0	0	0	0	0	0	0	0	0	0	0	0	0	0	0	0	0	0	0	0	0	0	0	0	0	0	0	0	0	0	0	0	0	0	0	0	0	0	0	0	0	0	
9	0	0	0	0	0	0	0	0	0	0	0	0	0	0	0	0	0	0	0	0	0	0	0	0	0	0	0	0	0	0	0	0	0	0	0	0	0	0	0	0	0	0	0	0	0	0	0	0	0	0	0	0	0	0	0	0	0	0	0	0	0	0	0	0	0	0	0	0	0	0	0	0	0	0	0	0	0	0	0	0	0	0	0	0	0	0	0	0	0	0	0	0	0	0	0	0	0	0	0	0	
10	0	0	0	0	0	0	0	0	0	0	0	0	0	0	0	0	0	0	0	0	0	0	0	0	0	0	0	0	0	0	0	0	0	0	0	0	0	0	0	0	0	0	0	0	0	0	0	0	0	0	0	0	0	0	0	0	0	0	0	0	0	0	0	0	0	0	0	0	0	0	0	0	0	0	0	0	0	0	0	0	0	0	0	0	0	0	0	0	0	0	0	0	0	0	0	0	0	0	0	0	
11	0	0	0	0	0	0	0	0	0	0	0	0	0	0	0	0	0	0	0	0	0	0	0	0	0	0	0	0	0	0	0	0	0	0	0	0	0	0	0	0	0	0	0	0	0	0	0	0	0	0	0	0	0	0	0	0	0	0	0	0	0	0	0	0	0	0	0	0	0	0	0	0	0	0	0	0	0	0	0	0	0	0	0	0	0	0	0	0	0	0	0	0	0	0	0	0	0	0	0	0	
12	0	0	0	0	0	0	0	0	0	0	0	0	0	0	0	0	0	0	0	0	0	0	0	0	0	0	0	0	0	0	0	0	0	0	0	0	0	0	0	0	0	0	0	0	0	0	0	0	0	0	0	0	0	0	0	0	0	0	0	0	0	0	0	0	0	0	0	0	0	0	0	0	0	0	0	0	0	0	0	0	0	0	0	0	0	0	0	0	0	0	0	0	0	0	0	0	0	0	0	0	
13	0	0	0	0	0	0	0	0	0	0	0	0	0	0	0	0	0	0	0	0	0	0	0	0	0	0	0	0	0	0	0	0	0	0	0	0	0	0	0	0	0	0	0	0	0	0	0	0	0	0	0	0	0	0	0	0	0	0	0	0	0	0	0	0	0	0	0	0	0	0	0	0	0	0	0	0	0	0	0	0	0	0	0	0	0	0	0	0	0	0	0	0	0	0	0	0	0	0	0	0	
14	0	0	0	0	0	0	0	0	0	0	0	0	0	0	0	0	0	0	0	0	0	0	0	0	0	0	0	0	0	0	0	0	0	0	0	0	0	0	0	0	0	0	0	0	0	0	0	0	0	0	0	0	0	0	0	0	0	0	0	0	0	0	0	0	0	0	0	0	0	0	0	0	0	0	0	0	0	0	0	0	0	0	0	0	0	0	0	0	0	0	0	0	0	0	0	0	0	0	0	0	
15	0	0	0	0	0	0	0	0	0	0	0	0	0	0	0	0	0	0	0	0	0	0	0	0	0	0	0	0	0	0	0	0	0	0	0	0	0	0	0	0	0	0	0	0	0	0	0	0	0	0	0	0	0	0	0	0	0	0	0	0	0	0	0	0	0	0	0	0	0	0	0	0	0	0	0	0	0	0	0	0	0	0	0	0	0	0	0	0	0	0	0	0	0	0	0	0	0	0	0	0	
16	0	0	0	0	0	0	0	0	0	0	0	0	0	0	0	0	0	0	0	0	0	0	0	0	0	0	0	0	0	0	0	0	0	0	0	0	0	0	0	0	0	0	0	0	0	0	0	0	0	0	0	0	0	0	0	0	0	0	0	0	0	0	0	0	0	0	0	0	0	0	0	0	0	0	0	0	0	0	0	0	0	0	0	0	0	0	0	0	0	0	0	0	0	0	0	0	0	0	0	0	
17	0	0	0	0	0	0	0	0	0	0	0	0	0	0	0	0	0	0	0	0	0	0	0	0	0	0	0	0	0	0	0	0	0	0	0	0	0	0	0	0	0	0	0	0	0	0	0	0	0	0	0	0	0	0	0	0	0	0	0	0	0	0	0	0	0	0	0	0	0	0	0	0	0	0	0	0	0	0	0	0	0	0	0	0	0	0	0	0	0	0	0	0	0	0	0	0	0	0	0	0	
18	0	0	0	0	0	0	0	0	0	0	0	0	0	0	0	0	0	0	0	0	0	0	0	0	0	0	0	0	0	0	0	0	0	0	0	0	0	0	0	0	0	0	0	0	0	0	0	0	0	0	0	0	0	0	0	0	0	0	0	0	0	0	0	0	0	0	0	0	0	0	0	0	0	0	0	0	0	0	0	0	0	0	0	0	0	0	0	0	0	0	0	0	0	0	0	0	0	0	0	0	
19	0	0	0	0	0	0	0	0	0	0	0	0	0	0	0	0	0	0	0	0	0	0	0	0	0	0	0	0	0	0	0	0	0	0	0	0	0	0	0	0	0	0	0	0	0	0	0	0	0	0	0	0	0	0	0	0	0	0	0	0	0	0	0	0	0	0	0	0	0	0	0	0	0	0	0	0	0	0	0	0	0	0	0	0	0	0	0	0	0	0	0	0	0	0	0	0	0	0	0	0	
20	0	0	0	0	0	0	0	0	0	0	0	0	0	0	0	0	0	0	0	0	0	0	0	0	0	0	0	0	0	0	0	0	0	0	0	0	0	0	0	0	0	0	0	0	0	0	0	0	0	0	0	0	0	0	0	0	0	0	0	0	0	0	0	0	0	0	0	0	0	0	0	0	0	0	0	0	0	0	0	0	0	0	0	0	0	0	0	0	0	0	0	0	0	0	0	0	0	0	0	0	
21	0	0	0	0	0	0	0	0	0	0	0	0	0	0	0	0	0	0	0	0	0	0	0	0	0	0	0	0	0	0	0	0	0	0	0	0	0	0	0	0	0	0	0	0	0	0	0	0	0	0	0	0	0	0	0	0	0	0	0	0	0	0	0	0	0	0	0	0	0	0	0	0	0	0	0	0	0	0	0	0	0	0	0	0	0	0	0	0	0	0	0	0	0	0	0	0	0	0	0	0	
22	0	0	0	0	0	0	0	0	0	0	0	0	0	0	0	0	0	0	0	0	0	0	0	0	0	0	0	0	0	0	0	0	0	0	0	0	0	0	0	0	0	0	0	0	0	0	0	0	0	0	0	0	0	0	0	0	0	0	0	0	0	0	0	0	0	0	0	0	0	0	0	0	0	0	0	0	0	0	0	0	0	0	0	0	0	0	0	0	0	0	0	0	0	0	0	0	0	0	0	0	
23	0	0	0	0	0	0	0	0	0	0	0	0	0	0	0	0	0	0	0	0	0	0	0	0	0	0	0	0	0	0	0	0	0	0	0	0	0	0	0	0	0	0	0	0	0	0	0	0	0	0	0	0	0	0	0	0	0	0	0	0	0	0	0	0	0	0	0	0	0	0	0	0	0	0	0	0	0	0	0	0	0	0	0	0	0	0	0	0	0	0	0	0	0	0	0	0	0	0	0	0	
24	0	0	0	0	0	0	0	0	0	0	0	0	0	0	0	0	0	0	0	0	0	0	0	0	0	0	0	0	0	0	0	0	0	0	0	0	0	0	0	0	0	0	0	0	0	0	0	0	0	0	0	0	0	0	0	0	0	0	0	0	0	0	0	0	0	0	0	0	0	0	0	0	0	0	0	0	0	0	0	0	0	0	0	0	0	0	0	0	0	0	0	0	0	0	0	0	0	0	0	0	
25	0	0	0	0	0	0	0	0	0	0	0	0	0	0	0	0	0	0	0	0	0	0	0	0	0	0	0	0	0	0	0	0	0	0	0	0	0	0	0	0	0	0	0	0	0	0	0	0	0	0	0	0	0	0	0	0	0	0	0	0	0	0	0	0	0	0	0	0	0	0	0	0	0	0	0	0	0	0	0	0	0	0	0	0	0	0	0	0	0	0	0	0	0	0	0	0	0	0	0	0	
26	0	0	0	0	0	0	0	0	0	0	0	0	0	0	0	0	0	0	0	0	0	0	0	0	0	0	0	0	0	0	0	0	0	0	0	0	0	0	0	0	0	0	0	0	0	0	0	0	0	0	0	0	0	0	0	0	0	0	0	0	0	0	0	0	0	0	0	0	0	0	0	0	0	0	0	0	0	0	0	0	0	0	0	0	0	0	0	0	0	0	0	0	0	0	0	0	0	0	0	0	
27	0	0	0	0	0	0	0	0	0	0	0	0	0	0	0	0	0	0	0	0	0	0	0	0	0	0	0	0	0	0	0	0	0	0	0	0	0	0	0	0	0	0	0	0	0	0	0	0	0	0	0	0	0	0	0	0	0	0	0	0	0	0	0	0	0	0	0	0	0	0	0	0	0	0	0	0	0	0	0	0	0	0	0	0	0	0	0	0	0	0	0	0	0	0	0	0	0	0	0	0	
28	0	0	0	0	0	0	0	0	0	0	0	0	0	0	0	0	0	0	0	0	0	0	0	0	0	0	0	0	0	0	0	0	0	0	0	0	0	0	0	0	0	0	0	0	0	0	0	0	0	0	0	0	0	0	0	0	0	0	0	0	0	0	0	0	0	0	0	0	0	0	0	0	0	0	0	0	0	0	0	0	0	0	0	0	0	0	0	0	0	0	0	0	0	0	0	0	0	0	0	0	
29	0	0	0	0	0	0	0	0	0	0	0	0	0	0	0	0	0	0	0	0	0	0	0	0	0	0	0	0	0	0	0	0	0	0	0	0	0	0	0	0	0	0	0	0	0	0	0	0	0	0	0	0	0	0	0	0	0	0	0	0	0	0	0	0	0	0	0	0	0	0	0	0	0	0	0	0	0	0	0	0	0	0	0	0	0	0	0	0	0	0	0	0	0	0	0	0	0	0	0	0	
30	0	0	0	0	0	0	0	0	0	0	0	0	0	0	0	0	0	0	0	0	0	0	0	0	0	0	0	0	0	0	0	0	0	0	0	0	0	0	0	0	0	0	0	0	0	0	0	0	0	0	0	0	0	0	0	0	0	0	0	0	0	0	0	0	0	0	0	0	0	0	0	0	0	0	0	0	0	0	0	0	0	0	0	0	0	0	0	0	0	0	0	0	0	0	0	0	0	0	0	0	
31	0	0	0	0	0	0	0	0	0	0	0	0	0	0	0	0	0	0	0	0	0	0	0	0	0	0	0	0	0	0	0	0	0	0	0	0	0	0	0	0	0	0	0	0	0	0	0	0	0	0	0	0	0	0	0	0	0	0	0	0	0	0	0	0	0	0	0	0	0	0	0	0	0	0	0	0	0	0	0	0	0	0	0	0	0	0	0	0	0	0	0	0	0	0	0	0	0	0	0	0	
----------------------
-- Means            --
X	EB	CB	AB	CF
NN	8.86922	1.10764	1.22239	0.330322
II	8.62682	0.960609	1.07396	0.176787
NI	15.9756	1.74293	1.95336	0.252871
IN	16.4802	1.93414	2.14921	0.448301
D	8.58587	0.368783	0.490273	0.0651172
----------------------
-- Distributions    --
R	NNC	IIC	NIC	INC	NNE	IIE	NIE	INE	DC	DE
0	0.67626	0.763008	0.67707	0.578398	0.00146484	0.00182617	0.000273438	0.000195313	0.888721	0.00140625
1	0.178896	0.117129	0.158311	0.224404	0.00100586	0.000986328	0.000439453	0.000429687	0.0483691	0.00115234
2	0.0472363	0.0305957	0.0372852	0.0625488	0.00108398	0.00102539	0.000332031	0.000380859	0.0170215	0.000908203
3	0.00896484	0.00407227	0.0108203	0.0158691	0.000419922	0.000380859	0.000214844	0.000205078	0.00152344	0.000732422
4	0.00775391	0.00813477	0.00624023	0.00704102	0.000703125	0.000810547	0.000107422	0.00015625	0.0059082	0.000595703
5	0.00324219	0.00233398	0.00558594	0.00547852	0.000322266	0.000292969	0.000234375	0.000136719	0.00102539	0.000527344
6	0.00619141	0.00628906	0.00492187	0.00519531	0.000722656	0.000664063	0.000214844	0.000205078	0.00380859	0.000537109
7	0.00355469	0.00262695	0.00514648	0.00486328	0.000332031	0.000380859	0.000234375	0.000175781	0.00121094	0.000566406
8	0.00567383	0.00588867	0.00481445	0.00474609	0.000751953	0.000703125	0.000273438	0.000244141	0.00289063	0.000566406
9	0.00396484	0.00303711	0.00463867	0.00484375	0.000576172	0.000410156	0.000390625	0.000341797	0.00114258	0.000712891
10	0.00567383	0.00608398	0.00532227	0.00469727	0.000673828	0.000791016	0.000449219	0.00046875	0.00246094	0.000869141
11	0.00482422	0.00455078	0.00493164	0.00466797	0.000761719	0.000751953	0.000585938	0.000585938	0.00155273	0.000683594
12	0.00582031	0.00538086	0.00484375	0.00498047	0.000986328	0.000957031	0.000625	0.000634766	0.00194336	0.000996094
13	0.00564453	0.00487305	0.00516602	0.00503906	0.000898438	0.000869141	0.000693359	0.000751953	0.00162109	0.000810547
14	0.00478516	0.00494141	0.00510742	0.00521484	0.000986328	0.000888672	0.000917969	0.000908203	0.0015332	0.000976562
15	0.00475586	0.00447266	0.00493164	0.00472656	0.000761719	0.000751953	0.000878906	0.000859375	0.00126953	0.000664063
16	0.00383789	0.00398437	0.00482422	0.0049707	0.000908203	0.000830078	0.00104492	0.000859375	0.00103516	0.000683594
17	0.0034375	0.00313477	0.00446289	0.00429688	0.000566406	0.000488281	0.00102539	0.000722656	0.000820312	0.000595703
18	0.00214844	0.00204102	0.00368164	0.00373047	0.000361328	0.000507812	0.000820312	0.000839844	0.000664063	0.000322266
19	0.00118164	0.00138672	0.00344727	0.00380859	0.000283203	0.000283203	0.000546875	0.000761719	0.0003125	0.000263672
20	0.00078125	0.000673828	0.0030957	0.00336914	9.76563e-05	6.83594e-05	0.000605469	0.000693359	0.000224609	0.000146484
21	0.0003125	0.000380859	0.00238281	0.0028125	6.83594e-05	4.88281e-05	0.000478516	0.000478516	8.78906e-05	3.90625e-05
22	0.000175781	0.000126953	0.00230469	0.00233398	9.76562e-06	5.85937e-05	0.000517578	0.000576172	4.88281e-05	1.95312e-05
23	7.8125e-05	2.92969e-05	0.00201172	0.00209961	3.90625e-05	9.76562e-06	0.000419922	0.000517578	1.95312e-05	0
24	9.76562e-06	3.90625e-05	0.00195312	0.0018457	0	0	0.000400391	0.000302734	0	9.76562e-06
25	0	0	0.001875	0.00177734	0	0	0.000302734	0.000292969	0	0
26	9.76562e-06	0	0.00140625	0.00176758	0	0	0.000166016	0.000263672	0	0
27	0	0	0.00148437	0.00150391	0	0	0.000214844	0.000253906	0	0
28	0	0	0.00167969	0.00155273	0	0	0.000224609	0.000273438	0	0
29	0	0	0.00194336	0.00166992	0	0	0.000322266	0.000205078	0	0
30	0	0	0.00194336	0.00193359	0	0	0.000439453	0.000371094	0	0
31	0	0	0.00158203	0.00165039	0	0	0.000390625	0.000419922	0	0
----------------------
