%X	E1.6	A1.6	II1.6	COA1.6	E2.0	A2.0	II2.0	COA2.0	E2.4	A2.4	II2.4	COA2.4
%4	39	41	20	38	65	66	45	63	75	76	58	72
%6	45	51	25	45	75	76	45	80	83	85	65	83
%8	51	56	27	46	81	82	54	83	86	87	71	83
%10	55	60	31	51	85	91	59	84	96	99	74	89
%20	60	65	37	64	94	95	67	89	100	100	80	93
X	E1.6	A1.6	II1.6	COA1.6	E2.0	A2.0	II2.0	COA2.0	E2.4	A2.4	II2.4	COA2.4
1	39	41	20	38	65	66	45	63	75	76	58	72
2	45	51	25	45	75	76	45	80	83	85	65	83
3	51	56	27	46	81	82	54	83	86	87	71	83
4	55	60	31	51	85	91	59	84	96	99	74	89
5	60	65	37	64	94	95	67	89	100	100	80	93
6	0	0	0	0	0	0	0	0	0	0	0	0