X	YB_41	YS_41	YB_44	YS_44	YB_47 	YS_47 
1	1		1		1		1		0		0
2	6		7		9		12		12		17
3	8		10		11		13		12		9
4	4		8		14		21		13		19
5	11		8		12		9		14		17
6	6		9		18		13		21		15
7	10		7		10		9		10		9
8	8		6		6		7		7		5
9	3		1		4		4		3		1
10	6		7		4		2		1		1
11	3		7		4		2		0		2
12	3		2		2		2		3		2
13	6		4		2		2		1		1
14	1		3		0		0		1		1
15	5		2		1		1		1		0
16	2		2		0		0		0		0
17	1		3		1		2		0		0
18	3		1		0		0		0		0
19	1		1		1		0		0		0
20	0		0		0		0		0		0
21	12		11		0		0		1		1

																										