X	13_be	13_se	12_be	12_se	34_be	34_se	67_be	67_se
1.8	0	0	0	0	0	0	0	0
2.8	0	0	2.38e-9	2.4e-09	0.00194	0.00446	0.0727	0.0745
3.8	0	0	2.8e-13	9.6e-13	0.235	7.5	4.5	5.64
4.8	1.48	2.14	0.743	1	70.1	73.4	80.4	86.4
5.8	0.0859	0.158	0.0788	0.158	10.6	9.46	12	5.81
6.8	1.57	37.4	0.859	29.6	11.4	7.77	2.56	1.91
7.8	0.0964	57.7	0.121	68.6	2.67	1.79	0.362	0.175
8.8	19	1.99	16.9	0.193	2.69	0.0971	0.0208	0.00649
9.8	19.6	0.364	14.4	0.463	1.57	0.0205	5.73e-5	1.86e-05
10.8	54.6	0.242	65	5.4e-07	0.812	3.07e-6	3.56e-7	1.91e-08
11.8	3	9.6e-8	1.42	2.3e-08	0.00359	4.06e-7	3.23e-8	2.62e-09
12.8	0.196	0	0.28	6.5e-12	9.39e-7	8.08e-9	6.7e-12	4.67e-13
13.8	0.141	0	0.198	2.8e-09	2.65e-6	9.2e-13	7.3e-13	1.87e-13
14.8	0.252	0	1.26e-6	8.1e-17	8.08e-9	6.7e-13	1.8e-13	7.41e-17
15.8	0.0009	0	0.0089	0	6.9e-13	2.3e-15	6e-16	2.42e-18
16.8	0	0	6.5e-12	0	1.6e-14	5.4e-17	2.3e-18	1.44e-20
17.8	0	0	6.76e-9	0	7.9e-13	2.8e-20	2.9e-20	7.81e-21
18.8	0	0	0	0	2.3e-15	1.7e-23	4.3e-22	2.68e-23
19.8	0	0	2.84e-9	0	5.3e-17	1.9e-22	4.1e-22	4.33e-22
20.8	0	0	8.1e-17	0	2.2e-22	1.2e-27	8.7e-26	1.69e-25
21.8	0	0	0	0	7.5e-25	5.3e-26	2.4e-23	3.14e-28	