X	13_be	13_se	12_be	12_se	34_be	34_se	67_be	67_se
1.8	0	0	0	0	0	0	0	0
2.8	0	0.0009	0	0.008	0.0219	4.51	13.3	21.9
3.8	0.0009	0	0.008	0	4.49	6.2e-05	8.62	0.0835
4.8	0.00119	1.32	6.9e-12	1.51	1.81	36.3	26.7	46.1
5.8	0.209	0.00207	0.22	0.0003	25.6	12.5	17.1	13.7
6.8	0.391	74.7	0.755	92	25.2	40.9	29.3	16.8
7.8	0.885	22.7	0.671	5.81	6.29	4.96	4.12	1.21
8.8	11.5	0.955	24.3	0.67	9.39	0.603	0.854	0.175
9.8	64	0.101	68.1	0.001	25.7	0.234	0.0775	0.00318
10.8	19.3	0	3.1	0.001	1.32	2.73e-05	3.89e-05	4.31e-06
11.8	2.87	0.207	2.44	0	0.0718	1.85e-07	2.7e-06	1.85e-06
12.8	0.65	0	0.386	0	0.0449	9.5e-07	6.2e-10	4.43e-11
13.8	0.0006	0	8.9e-12	0	0.000467	6.16e-09	3.69e-11	2.88e-12
14.8	0	0	0.0009	0	2.3e-09	5.62e-25	3.32e-12	4.26e-13
15.8	0	0	0	0	6.16e-09	0	4.61e-15	4.41e-17
16.8	0.207	0	0	0	2.14e-10	6.45e-36	1.38e-15	3.49e-17
17.8	0	0	0	0	1.24e-25	0	2.7e-17	6.38e-20
18.8	0	0	0	0	7.38e-27	0	1.08e-19	2.4e-24
19.8	0	0	0	0	5.59e-25	0	4.69e-21	1.1e-27
20.8	0	0	0	0	0	0	5.41e-20	1.74e-25
21.8 	0	0	0	0	0	0	1.89e-25	5.77e-42

