   1.10 | 1.54e+08 |     5525 |      100 | 2.02e-08 | 6.51e-07 ||     0.13 |     0.04 | 42203.65 ||     4.77 | 47h52'48  
----------------------------
FE for stats:	75  	 OK Frames:	75
-- Osc per ite (false fr) --
------ Nat Nat            --
Ite	f0	f1	f2	f3	f4	f5	f6	f7	f8	f9	f10	f11	f12	f13	f14	f15	f16	f17	f18	f19	f20	f21	f22	f23	f24	f25	f26	f27	f28	f29	f30	f31	f32	f33	f34	f35	f36	f37	f38	f39	f40	f41	f42	f43	f44	f45	f46	f47	f48	f49	f50	f51	f52	f53	f54	f55	f56	f57	f58	f59	f60	f61	f62	f63	f64	f65	f66	f67	f68	f69	f70	f71	f72	f73	f74	
0	532	467	407	586	471	668	446	488	616	424	576	648	598	544	603	504	602	456	563	392	602	598	587	443	667	464	510	453	441	621	519	603	643	642	458	656	454	597	513	568	459	453	398	531	491	524	544	525	477	554	457	646	493	433	508	576	410	467	574	594	445	589	436	568	549	509	596	457	538	518	463	574	572	585	666	
1	188	170	102	207	138	698	141	213	627	56	446	590	534	389	573	236	505	108	466	57	575	609	295	146	657	193	154	259	74	590	193	565	540	627	99	581	129	370	228	395	183	215	127	211	205	317	293	243	230	236	115	582	261	147	156	408	70	106	320	607	170	543	126	607	310	240	577	120	265	270	260	607	535	254	556	
2	26	21	5	17	5	695	2	1	641	7	475	556	545	188	613	13	582	0	504	3	621	627	115	2	650	1	19	19	0	633	38	558	573	653	2	616	8	247	25	194	17	10	7	40	28	114	76	120	51	9	1	544	52	10	2	122	1	13	66	674	15	546	11	640	41	32	586	6	36	29	27	608	536	17	587	
3	8	3	2	1	0	682	0	0	666	3	508	581	591	29	634	1	524	0	556	2	586	644	4	0	603	2	2	1	0	705	0	569	619	593	0	589	0	44	1	42	0	1	1	2	35	1	4	0	2	1	0	626	1	10	1	25	0	0	8	617	0	557	0	562	0	11	584	0	0	1	1	623	617	0	569	
4	5	0	1	3	0	678	0	0	606	1	591	562	554	15	586	0	536	0	575	1	583	556	3	0	546	0	1	0	0	629	0	477	611	605	1	651	0	0	1	1	0	0	0	1	27	0	0	8	1	1	0	644	0	6	0	16	0	0	5	646	1	486	0	572	0	1	525	0	0	0	1	592	574	0	591	
5	1	0	1	3	0	670	0	0	622	0	520	535	492	15	557	0	565	0	646	0	524	591	3	0	570	0	0	1	0	612	0	527	582	696	0	599	0	0	0	1	0	0	2	0	6	0	0	6	1	0	1	597	0	4	0	27	0	0	5	659	0	452	0	578	0	2	620	0	0	4	1	561	546	0	561	
6	1	1	2	3	0	697	0	0	612	0	571	523	497	9	628	1	538	0	522	0	570	603	3	0	587	0	1	0	0	695	0	561	578	716	0	613	0	0	0	3	0	0	1	0	15	0	0	4	0	0	0	573	0	6	0	13	0	0	5	607	0	463	0	550	0	1	555	0	0	0	0	562	541	0	547	
7	0	0	1	1	0	684	0	1	589	0	538	473	491	7	613	0	480	0	510	0	633	612	2	0	517	0	0	0	0	655	0	468	608	728	0	608	0	0	0	2	0	0	1	0	12	0	0	5	0	0	0	601	0	0	0	7	0	0	5	575	0	525	0	585	0	0	513	0	0	3	0	573	598	0	564	
8	0	0	0	0	0	665	0	0	608	1	526	483	552	6	592	0	486	0	565	0	598	613	3	0	532	0	1	0	0	622	0	492	544	687	0	592	0	0	0	2	0	0	1	0	21	0	0	1	0	0	0	563	0	7	0	4	0	0	4	595	0	529	0	570	0	0	585	0	0	1	0	513	556	0	513	
9	0	0	0	0	0	651	0	0	656	0	525	548	563	4	603	0	512	0	590	0	578	613	3	0	569	0	0	0	0	601	0	530	554	614	0	576	0	0	0	1	0	0	0	0	5	0	0	4	0	0	0	541	0	4	0	2	0	0	4	570	1	601	0	542	0	0	654	0	0	0	0	491	518	0	548	
10	0	0	0	0	0	670	0	0	603	0	581	607	559	3	644	0	530	0	534	0	597	646	3	0	605	0	0	0	0	583	0	515	573	646	0	552	0	0	0	0	0	0	1	0	12	0	0	4	0	0	0	551	0	2	0	0	0	0	3	598	0	528	0	651	0	0	687	0	0	0	0	442	569	0	547	
11	0	0	0	0	0	678	0	0	603	0	634	511	498	6	612	0	523	0	597	0	565	573	3	0	638	0	0	0	0	596	0	509	564	664	0	512	0	0	0	0	0	0	0	0	13	0	0	3	1	0	0	576	0	2	0	0	0	0	3	656	0	513	0	617	0	0	584	0	0	0	0	500	542	0	583	
12	0	0	0	0	0	667	0	0	568	0	565	534	442	7	633	0	533	0	586	0	567	545	2	0	643	0	0	0	0	568	0	550	602	584	0	498	0	0	0	0	0	0	0	0	5	0	0	3	0	0	0	613	0	2	0	0	0	0	3	607	0	587	0	550	0	0	607	0	0	0	0	593	528	0	633	
13	0	0	0	0	0	636	0	0	560	0	480	559	557	5	578	0	553	0	528	0	514	592	2	0	627	0	0	0	0	565	0	560	567	629	0	553	0	0	0	0	0	0	0	0	11	0	0	1	1	0	0	625	0	6	0	0	0	0	3	534	0	579	0	614	0	0	677	0	0	0	0	573	424	0	648	
14	0	0	0	0	0	620	0	0	651	0	522	597	645	4	634	0	520	0	609	0	540	607	1	0	608	0	0	0	0	625	0	561	568	617	0	503	0	0	0	0	0	0	0	0	26	0	0	2	1	0	0	566	0	1	0	0	0	0	3	548	0	629	0	639	0	0	648	0	0	0	0	551	404	0	605	
15	0	0	0	0	0	649	0	0	639	0	659	542	604	3	654	0	517	0	638	0	653	559	1	0	574	0	0	0	0	568	0	529	559	626	0	503	0	0	0	0	0	0	0	0	32	0	0	1	1	0	0	579	0	2	0	0	0	0	1	589	0	609	0	616	0	0	586	0	0	0	0	602	480	0	519	
16	0	0	0	0	0	626	0	0	634	0	621	524	531	5	617	0	551	0	565	0	639	559	1	0	530	0	0	0	0	596	0	560	631	668	0	497	0	0	0	0	0	0	0	0	6	0	0	3	1	0	0	530	0	4	0	0	0	0	1	615	0	602	0	550	0	0	574	0	0	0	0	581	450	0	473	
17	0	0	1	0	0	679	0	0	583	0	535	587	513	6	590	0	610	0	570	0	636	507	1	0	579	0	0	0	0	631	0	567	586	685	0	449	0	0	0	0	0	0	0	0	13	0	0	2	0	0	0	569	0	3	0	0	0	0	1	581	0	634	0	615	0	0	493	0	0	0	0	502	476	0	469	
18	0	0	1	0	0	729	0	0	620	0	583	578	540	9	636	0	614	0	588	0	665	475	0	0	608	0	0	0	0	664	0	619	601	688	0	472	0	0	0	0	0	0	0	0	14	0	0	2	0	0	0	597	0	0	0	0	0	0	0	574	0	639	0	602	0	0	616	0	0	0	0	518	501	0	470	
19	0	0	1	0	0	662	0	0	623	0	510	595	579	9	675	0	544	0	593	0	595	491	0	0	559	0	0	0	0	592	0	590	581	657	0	545	0	0	0	0	0	0	0	0	18	0	0	2	0	0	0	575	0	4	0	0	0	0	0	609	0	581	0	591	0	0	643	0	0	0	0	523	515	0	603	
20	0	0	1	0	0	570	0	0	648	0	558	565	618	4	640	0	522	0	602	0	613	595	0	0	580	0	0	0	0	627	0	571	555	717	0	558	0	0	0	0	0	0	0	0	10	0	0	1	0	0	0	611	0	2	0	0	0	0	0	638	0	547	0	622	0	0	571	0	0	0	0	534	446	0	485	
21	0	0	1	0	0	528	0	0	679	0	581	514	614	7	549	0	523	0	544	0	673	607	0	0	555	0	0	0	0	668	0	506	654	695	0	584	0	0	0	0	0	0	0	0	24	0	0	3	0	0	0	572	0	1	0	0	0	0	0	575	0	546	0	578	0	0	637	0	0	0	0	500	412	0	468	
22	0	0	1	0	0	586	0	0	644	0	555	446	563	5	649	0	552	0	576	0	665	530	0	0	599	0	0	0	0	653	0	565	598	687	0	598	0	0	0	0	0	0	0	0	45	0	0	1	0	0	0	579	0	2	0	0	0	0	0	554	0	529	0	538	0	0	619	0	0	0	0	538	425	0	497	
23	0	0	1	0	0	597	0	0	666	0	559	463	592	5	607	0	554	0	559	0	683	536	0	0	553	0	0	0	0	593	0	602	669	712	0	511	0	0	0	0	0	0	0	0	25	0	0	2	0	0	0	601	0	4	0	0	0	0	0	562	0	537	0	517	0	0	712	0	0	0	0	524	513	0	480	
24	0	0	1	0	0	589	0	0	724	0	570	487	558	7	621	0	562	0	581	0	633	552	0	0	590	0	0	0	0	625	0	535	621	646	0	504	0	0	0	0	0	0	0	0	7	0	0	2	0	0	0	579	0	2	0	0	0	0	0	649	0	602	0	576	0	0	652	0	0	0	0	519	516	0	526	
25	0	0	1	0	0	630	0	0	621	0	597	465	601	8	620	0	564	0	584	0	673	602	0	0	634	0	0	0	0	658	0	585	573	701	0	513	0	0	0	0	0	0	0	0	26	0	0	0	0	0	0	587	0	3	0	0	0	0	0	634	0	551	0	556	0	0	491	0	0	0	0	594	498	0	523	
26	0	0	1	0	0	640	0	0	630	0	546	476	589	11	542	0	487	0	533	0	653	509	0	0	649	0	0	0	0	699	0	601	621	634	0	524	0	0	0	0	0	0	0	0	33	0	0	0	0	0	0	580	0	4	0	0	0	0	0	704	0	583	0	528	0	0	542	0	0	0	0	505	423	0	574	
27	0	0	1	0	0	621	0	0	554	0	535	557	508	6	528	0	487	0	564	0	633	544	0	0	558	0	0	0	0	666	0	572	606	625	0	507	0	0	0	0	0	0	0	0	6	0	0	1	0	0	0	588	0	0	0	0	0	0	0	580	0	551	0	482	0	0	543	0	0	0	0	529	376	0	537	
28	0	0	1	0	0	692	0	0	578	0	494	584	477	8	534	0	470	0	551	0	621	560	0	0	537	0	0	0	0	664	0	609	675	670	0	447	0	0	0	0	0	0	0	0	16	0	0	1	0	0	0	540	0	2	0	0	0	0	0	599	0	485	0	489	0	0	586	0	0	0	0	598	339	0	565	
29	0	0	1	0	0	662	0	0	645	0	481	606	479	5	482	0	504	0	514	0	628	507	0	0	653	0	0	0	0	651	0	501	644	612	0	463	0	0	0	0	0	0	0	0	32	0	0	0	0	0	0	613	0	3	0	0	0	0	0	726	0	412	0	500	0	0	543	0	0	0	0	547	294	0	482	
30	0	0	1	0	0	634	0	0	618	0	572	630	464	7	527	0	505	0	565	0	542	442	0	0	672	0	0	0	0	621	0	597	655	608	0	448	0	0	0	0	0	0	0	0	37	0	0	1	0	0	0	642	0	2	0	0	0	0	0	672	0	472	0	487	0	0	509	0	0	0	0	542	194	0	469	
------ Int Int            --
Ite	f0	f1	f2	f3	f4	f5	f6	f7	f8	f9	f10	f11	f12	f13	f14	f15	f16	f17	f18	f19	f20	f21	f22	f23	f24	f25	f26	f27	f28	f29	f30	f31	f32	f33	f34	f35	f36	f37	f38	f39	f40	f41	f42	f43	f44	f45	f46	f47	f48	f49	f50	f51	f52	f53	f54	f55	f56	f57	f58	f59	f60	f61	f62	f63	f64	f65	f66	f67	f68	f69	f70	f71	f72	f73	f74	
0	328	311	201	345	297	653	333	367	586	231	495	541	515	423	625	342	529	297	535	195	566	582	367	335	645	339	298	317	280	612	339	523	564	610	211	605	333	460	342	437	345	312	338	352	362	480	460	406	313	350	330	623	390	269	276	451	210	269	421	552	345	574	340	610	366	383	553	287	435	338	320	587	515	390	600	
1	52	94	47	60	21	693	39	57	647	17	503	582	560	287	610	104	596	36	539	8	513	623	199	32	599	57	53	135	11	645	65	511	528	679	38	547	61	319	144	309	72	56	45	134	84	269	215	111	99	68	18	558	181	59	31	237	5	28	198	653	97	512	101	713	145	159	590	23	147	89	100	605	568	115	580	
2	6	5	8	5	1	719	0	1	699	1	521	567	603	82	585	1	562	0	494	6	604	585	33	0	627	2	8	6	1	672	12	529	565	650	1	575	2	136	22	132	2	3	7	10	27	37	37	21	3	5	1	588	24	11	1	40	4	3	28	603	0	526	3	640	13	5	631	1	5	6	8	585	624	16	573	
3	4	1	16	18	0	652	0	1	673	0	554	555	565	11	641	0	506	0	601	4	608	620	6	0	542	0	2	0	0	651	0	500	600	641	0	604	0	2	12	15	0	0	13	4	36	0	0	11	0	3	0	607	0	6	1	15	2	0	3	569	0	507	0	567	0	2	550	1	0	1	1	597	640	2	557	
4	2	0	12	6	0	638	0	1	634	0	508	559	519	6	620	0	512	0	550	0	559	561	3	0	544	0	7	0	0	675	0	511	587	615	0	567	0	0	4	4	0	0	12	1	7	0	0	10	0	0	0	557	0	4	1	12	0	0	3	671	1	505	0	572	0	2	553	1	0	2	1	560	588	1	513	
5	0	0	11	5	0	727	0	0	619	0	563	430	475	9	584	0	520	0	505	0	565	521	2	0	526	0	10	0	0	622	1	517	577	607	0	645	0	0	4	2	0	0	13	0	7	0	0	12	0	0	0	581	0	5	0	9	0	0	4	649	0	505	0	607	0	0	584	0	0	0	0	554	583	0	502	
6	0	0	8	5	0	698	0	1	627	0	586	398	533	14	596	0	531	0	502	0	612	560	3	0	530	0	2	0	0	634	0	534	593	697	0	581	0	0	5	1	0	0	4	0	12	0	0	6	0	0	0	589	0	3	0	4	0	0	5	608	0	485	1	610	0	0	512	0	0	0	0	561	602	0	583	
7	0	0	8	2	0	621	0	0	593	0	552	466	568	4	619	0	574	0	489	0	579	663	6	0	547	0	1	0	0	659	0	478	524	698	0	569	0	0	5	1	0	0	6	0	16	0	0	5	0	0	0	556	0	4	0	3	0	0	4	599	0	552	0	634	0	0	526	0	0	0	0	524	634	0	612	
8	0	0	7	2	0	697	0	0	647	0	560	476	583	11	647	0	514	0	540	0	585	562	6	0	558	0	3	0	0	608	0	446	524	629	0	590	0	0	1	1	0	0	1	0	8	0	0	6	1	0	0	519	0	3	0	1	0	0	4	679	0	551	0	637	0	0	639	0	0	0	0	476	555	0	530	
9	0	0	1	1	0	679	0	0	701	0	608	492	593	6	636	0	469	0	534	0	593	626	5	0	567	0	1	0	0	582	0	495	588	616	0	528	0	0	0	0	0	0	2	0	4	0	0	3	0	0	0	571	0	1	0	0	0	0	3	629	0	595	0	590	0	0	650	0	0	0	0	489	528	0	568	
10	0	0	5	0	0	669	0	0	665	0	615	464	601	12	641	0	519	0	600	0	620	628	4	0	581	0	0	0	0	585	0	550	586	668	0	528	0	0	4	0	0	0	1	0	11	0	0	3	0	0	0	573	0	3	0	0	0	0	3	617	0	522	0	639	0	0	600	0	0	0	0	511	646	0	621	
11	0	0	5	0	0	724	0	0	622	0	548	464	499	7	621	0	584	0	565	0	604	529	3	0	654	0	0	0	0	587	0	543	575	603	0	532	0	0	0	0	0	0	1	0	16	0	0	3	1	0	0	588	0	4	0	0	0	0	3	648	0	524	0	624	0	0	570	0	0	0	0	617	572	0	558	
12	0	0	5	1	0	685	0	0	644	0	537	506	502	11	573	0	542	0	583	0	571	595	1	0	608	0	0	0	0	556	0	540	537	616	0	545	0	0	0	0	0	0	0	0	3	0	0	3	0	0	0	629	0	6	0	0	0	0	2	642	0	593	0	613	0	0	601	0	0	0	0	599	550	0	727	
13	0	0	7	1	0	626	0	0	623	0	482	574	547	13	678	0	546	0	564	0	559	580	1	0	641	0	0	0	0	600	0	564	582	603	0	517	0	0	1	0	0	0	1	0	16	0	0	4	0	0	0	605	0	1	0	0	0	0	1	555	0	602	0	643	0	0	643	0	0	0	0	577	422	0	665	
14	0	0	9	0	0	680	0	0	671	0	588	564	573	10	664	0	477	0	551	0	601	603	1	0	573	0	0	0	0	646	0	507	572	596	0	522	0	0	1	0	0	0	0	0	18	0	0	3	1	0	0	548	0	0	0	0	0	0	1	594	0	605	0	648	0	0	604	0	0	0	0	638	482	0	557	
15	0	0	9	0	0	683	0	0	632	0	616	554	600	6	625	0	479	0	559	0	615	601	0	0	466	0	0	0	0	679	0	545	567	544	0	495	0	0	0	0	0	0	0	0	19	0	0	3	1	0	0	574	0	4	0	0	0	0	1	586	0	621	0	644	0	0	563	0	0	0	0	573	517	0	502	
16	0	0	8	0	0	637	0	0	627	0	581	563	569	8	665	0	582	0	560	0	577	544	0	0	528	0	0	0	0	640	0	604	633	602	0	477	0	0	0	0	0	0	0	0	6	0	0	2	0	0	0	546	0	2	0	0	0	0	1	589	0	659	0	596	0	0	539	0	0	0	0	591	484	0	474	
17	0	0	8	0	0	646	0	0	596	0	535	516	544	4	654	0	570	0	524	0	590	467	0	0	569	0	0	0	0	621	0	522	625	648	0	456	0	0	1	0	0	0	0	0	13	0	0	3	0	0	0	536	0	0	0	0	0	0	0	581	0	657	0	631	0	0	539	0	0	0	0	550	527	0	414	
18	0	0	8	0	0	680	0	0	636	0	543	580	604	12	681	0	530	0	589	0	615	501	0	0	559	0	0	0	0	649	0	574	625	624	0	545	0	0	0	0	0	0	0	0	22	0	0	5	0	0	0	574	0	1	0	0	0	0	0	631	0	658	0	593	0	0	669	0	0	0	0	537	507	0	524	
19	0	0	9	0	0	655	0	0	624	0	493	539	629	8	665	0	483	0	584	0	618	530	0	0	609	0	0	0	0	613	0	541	635	616	0	592	0	0	0	0	0	0	0	0	9	0	0	2	0	0	0	599	0	2	0	0	0	0	0	595	0	540	0	578	0	0	556	0	0	0	0	567	503	0	583	
20	0	0	11	0	0	594	0	0	625	0	510	510	604	15	628	0	504	0	610	0	654	569	0	0	641	0	0	0	0	642	0	545	644	642	0	595	0	0	0	0	0	0	0	0	8	0	0	3	0	0	0	602	0	2	0	0	0	0	0	575	0	570	0	675	0	0	543	0	0	0	0	501	486	0	523	
21	0	0	14	0	0	593	0	0	660	0	517	441	580	6	675	0	546	0	544	0	620	609	0	0	603	0	0	0	0	646	0	550	608	708	0	574	0	0	0	0	0	0	0	0	39	0	0	3	0	0	0	585	0	1	0	0	0	0	0	554	0	568	0	628	0	0	596	0	0	0	0	452	502	0	514	
22	0	0	14	0	0	579	0	0	681	0	598	393	581	13	580	0	555	0	533	0	563	539	0	0	596	0	0	0	0	626	0	624	635	690	0	511	0	0	0	0	0	0	0	0	48	0	0	1	0	0	0	593	0	0	0	0	0	0	0	557	0	572	0	588	0	0	692	0	0	0	0	580	543	0	469	
23	0	0	15	0	0	587	0	0	708	0	620	444	589	11	616	0	605	0	636	0	618	528	0	0	613	0	0	0	0	583	0	535	603	649	0	467	0	0	0	0	0	0	0	0	11	0	0	1	0	0	0	546	0	3	0	0	0	0	0	527	0	555	0	557	0	0	650	0	0	0	0	561	473	0	472	
24	0	0	17	0	0	624	0	0	652	0	582	447	634	5	636	0	604	0	613	0	626	554	0	0	607	0	0	0	0	635	0	543	522	639	0	541	0	0	0	0	0	0	0	0	12	0	0	0	0	0	0	574	0	2	0	0	0	0	0	634	0	624	0	521	0	0	538	0	0	0	0	586	487	0	500	
25	0	0	16	0	0	664	0	0	561	0	583	454	642	11	611	0	556	0	495	0	648	584	0	0	626	0	0	0	0	646	0	629	639	658	0	492	0	0	0	0	0	0	0	0	21	0	0	1	0	0	0	582	0	1	0	0	0	0	0	680	0	588	0	613	0	0	539	0	0	0	0	526	520	0	540	
26	0	0	17	0	0	638	0	0	633	0	524	514	580	8	588	0	460	0	521	0	623	510	0	0	576	0	0	0	0	744	0	631	614	631	0	495	0	0	0	0	0	0	0	0	18	0	0	0	0	0	0	611	0	0	0	0	0	0	0	578	0	571	0	564	0	0	559	0	0	0	0	514	420	0	586	
27	0	0	16	0	0	670	0	0	609	0	479	529	483	19	542	0	451	0	566	0	695	561	0	0	480	0	0	0	0	692	0	619	655	643	0	523	0	0	0	0	0	0	0	0	8	0	0	2	0	0	0	586	0	0	0	0	0	0	0	585	0	540	0	559	0	0	581	0	0	0	0	551	404	0	601	
28	0	0	17	0	0	700	0	0	602	0	488	563	444	10	510	0	484	0	577	0	640	518	0	0	623	0	0	0	0	629	0	531	620	645	0	480	0	0	0	0	0	0	0	0	22	0	0	2	0	0	0	544	0	3	0	0	0	0	0	622	0	470	0	544	0	0	534	0	0	0	0	590	398	0	459	
29	0	0	18	0	0	656	0	0	666	0	567	536	474	17	545	0	538	0	607	0	616	531	0	0	699	0	0	0	0	659	0	544	641	603	0	486	0	0	0	0	0	0	0	0	33	0	0	0	0	0	0	617	0	1	0	0	0	0	0	700	0	445	0	511	0	0	503	0	0	0	0	502	304	0	471	
30	0	0	18	0	0	631	0	0	649	0	554	599	400	13	527	0	510	0	578	0	577	496	0	0	623	0	0	0	0	645	0	602	637	630	0	451	0	0	0	0	0	0	0	0	10	0	0	2	0	0	0	619	0	0	0	0	0	0	0	650	0	456	0	474	0	0	466	0	0	0	0	509	176	0	505	
------ Nat Int            --
Ite	f0	f1	f2	f3	f4	f5	f6	f7	f8	f9	f10	f11	f12	f13	f14	f15	f16	f17	f18	f19	f20	f21	f22	f23	f24	f25	f26	f27	f28	f29	f30	f31	f32	f33	f34	f35	f36	f37	f38	f39	f40	f41	f42	f43	f44	f45	f46	f47	f48	f49	f50	f51	f52	f53	f54	f55	f56	f57	f58	f59	f60	f61	f62	f63	f64	f65	f66	f67	f68	f69	f70	f71	f72	f73	f74	
0	458	463	267	486	420	903	407	526	787	279	732	724	744	614	773	490	700	357	765	248	781	788	567	430	820	486	412	486	335	822	472	787	771	911	288	830	418	639	488	617	484	461	434	446	494	645	655	537	475	506	420	812	507	385	414	629	264	358	595	773	462	762	414	764	560	524	782	364	579	518	482	791	748	509	768	
1	76	108	48	74	29	878	41	60	826	26	623	775	729	412	831	120	756	38	756	6	734	793	297	33	798	62	72	152	15	790	102	769	759	842	40	768	70	491	164	437	94	62	49	165	95	336	276	222	152	76	19	709	244	71	34	320	6	43	236	800	113	703	108	863	170	193	830	29	181	122	120	819	698	147	766	
2	8	15	16	11	3	886	0	8	790	4	759	743	766	117	786	5	766	2	753	7	762	841	33	3	789	4	8	10	6	824	13	772	812	802	2	775	5	187	37	174	5	4	9	11	31	41	43	21	8	5	2	779	29	18	5	71	2	4	34	813	3	707	10	816	20	20	820	6	8	14	15	834	736	19	781	
3	16	7	8	7	2	839	0	7	855	2	770	829	752	26	825	3	700	2	797	3	792	754	14	3	721	0	8	3	5	867	3	764	802	815	1	765	3	7	42	12	3	0	5	9	69	9	2	8	7	7	3	779	4	37	5	38	6	3	6	763	3	646	7	786	7	4	747	5	7	7	6	764	755	21	791	
4	15	6	25	28	2	817	0	6	806	1	803	790	633	28	806	3	760	2	835	0	813	738	13	3	709	0	11	3	5	793	3	761	787	813	0	776	3	5	49	8	3	0	18	6	18	9	2	25	6	9	3	696	4	27	6	49	4	3	6	868	2	679	7	737	7	5	728	6	7	8	8	861	717	23	693	
5	16	6	14	35	2	915	0	5	796	1	769	744	602	19	757	3	713	2	735	0	812	708	9	3	707	0	18	2	5	816	3	713	844	854	0	806	3	5	49	7	3	0	32	7	15	9	2	33	7	9	4	802	4	27	5	40	4	3	4	872	1	726	7	795	7	1	791	5	7	14	10	818	749	24	731	
6	15	5	27	29	2	901	0	5	767	1	813	713	686	19	765	4	689	2	688	0	841	810	10	3	672	0	11	2	5	823	4	687	859	863	0	750	3	5	47	10	3	0	18	7	29	9	2	43	7	9	4	794	4	30	5	28	4	3	7	776	1	652	7	796	7	0	692	5	7	14	10	840	831	24	800	
7	15	5	30	23	2	877	0	3	853	1	793	636	774	10	810	4	726	2	726	0	796	846	7	3	655	0	9	2	5	836	4	699	772	920	0	819	3	5	52	9	3	0	13	7	45	9	2	34	7	9	4	770	4	33	5	25	4	3	3	757	1	714	6	817	7	0	715	5	7	11	10	778	831	24	791	
8	15	5	32	21	2	885	0	3	784	0	745	723	766	12	787	4	686	2	760	0	767	790	6	3	680	0	9	2	5	805	4	709	718	781	0	744	3	5	57	10	3	0	20	7	18	9	2	28	7	9	4	761	4	40	5	20	4	3	5	833	1	697	6	841	7	0	820	5	7	10	10	689	737	24	748	
9	15	5	25	23	2	853	0	3	823	0	814	727	760	15	861	4	676	2	664	0	782	843	5	3	771	0	10	2	5	784	4	705	788	778	0	772	3	5	56	8	3	0	21	7	13	9	2	36	6	9	4	695	4	45	5	23	4	3	3	838	0	729	6	782	7	0	863	5	7	10	10	728	788	24	736	
10	15	5	26	24	2	872	0	3	871	0	865	680	722	16	765	4	663	2	738	0	726	875	5	3	781	0	9	2	5	807	4	741	825	830	0	754	3	5	56	8	3	0	18	7	29	9	2	33	6	9	4	783	4	42	5	23	4	3	3	775	0	718	6	867	7	0	758	5	7	10	10	653	737	24	767	
11	15	5	21	24	2	823	0	3	829	0	768	697	723	16	844	4	771	2	755	0	753	762	2	3	840	0	9	2	5	844	4	700	749	776	0	684	3	5	52	8	3	0	17	7	25	9	2	33	5	9	4	792	4	45	5	23	4	3	3	852	0	727	6	729	7	0	742	5	7	10	10	736	743	24	781	
12	15	5	26	24	2	842	0	3	797	0	773	673	690	20	776	4	704	2	782	0	720	784	3	3	803	0	9	2	5	779	4	739	778	817	0	688	3	5	52	8	3	0	18	7	12	9	2	35	4	9	4	787	4	45	5	23	4	3	3	819	0	750	6	767	7	0	787	5	7	10	10	756	735	24	874	
13	15	5	21	23	2	817	0	3	801	0	640	742	739	20	817	4	735	2	791	0	709	747	0	3	844	0	9	2	5	814	4	717	796	762	0	696	3	5	52	8	3	0	18	7	18	9	2	37	3	9	4	821	4	33	5	23	4	3	2	705	0	806	6	806	7	0	855	5	7	10	10	748	659	24	841	
14	15	5	28	24	2	819	0	3	811	0	790	757	811	9	867	4	697	2	712	0	718	824	2	3	759	0	9	2	5	869	4	686	796	770	0	700	3	5	53	8	3	0	17	7	58	9	2	31	4	9	4	748	4	35	5	23	4	3	2	802	0	793	6	824	7	0	754	5	7	10	10	826	675	24	739	
15	15	5	21	24	2	840	0	3	815	0	779	743	790	20	809	4	725	2	819	0	798	760	0	3	634	0	9	2	5	851	4	708	839	750	0	703	3	5	54	8	3	0	17	7	32	9	2	35	2	9	4	789	4	35	5	23	4	3	0	759	0	795	6	846	7	0	728	5	7	10	10	742	699	24	715	
16	15	5	28	24	2	787	0	3	839	0	810	797	697	15	839	4	811	2	735	0	818	756	1	3	728	0	9	2	5	870	4	783	849	816	0	679	3	5	54	8	3	0	17	7	9	9	2	41	0	9	4	727	4	31	5	23	4	3	2	788	0	852	6	788	7	0	769	5	7	10	10	786	612	24	664	
17	15	5	19	24	2	867	0	3	777	0	718	789	707	9	812	4	793	2	753	0	695	729	0	3	771	0	9	2	5	851	4	678	824	863	0	673	3	5	54	8	3	0	17	7	26	9	2	37	0	9	4	792	4	32	5	23	4	3	0	762	0	819	6	859	7	0	795	5	7	10	10	755	720	24	685	
18	15	5	28	24	2	862	0	3	767	0	846	779	813	16	858	4	703	2	779	0	718	677	0	3	756	0	9	2	5	812	4	799	814	813	0	731	3	5	53	8	3	0	17	7	39	9	2	32	0	9	4	739	4	32	5	23	4	3	0	829	0	837	6	802	7	0	792	5	7	10	10	743	706	24	703	
19	15	5	19	24	2	872	0	3	792	0	671	728	788	19	814	4	711	2	777	0	796	717	0	3	698	0	9	2	5	781	4	809	774	850	0	735	3	5	53	8	3	0	17	7	11	9	2	39	0	9	4	826	4	35	5	23	4	3	0	843	0	726	6	766	7	0	810	5	7	10	10	791	704	24	752	
20	15	5	29	24	2	753	0	3	866	0	778	720	887	17	777	4	708	2	779	0	759	822	0	3	771	0	9	2	5	783	4	747	808	835	0	813	3	5	53	8	3	0	17	7	16	9	2	38	0	9	4	778	4	37	5	23	4	3	0	824	0	723	6	812	7	0	717	5	7	10	10	708	689	24	682	
21	15	5	19	24	2	787	0	3	816	0	745	648	805	11	816	4	739	2	765	0	762	786	0	3	789	0	9	2	5	823	4	730	846	850	0	764	3	5	53	8	3	0	17	7	44	9	2	32	0	9	4	802	4	40	5	23	4	3	0	730	0	723	6	791	7	0	829	5	7	10	10	683	707	24	683	
22	15	5	32	24	2	830	0	3	842	0	769	635	740	18	858	4	759	2	791	0	739	763	0	3	709	0	9	2	5	814	4	787	824	819	0	788	3	5	53	8	3	0	17	7	66	9	2	36	0	9	4	808	4	43	5	23	4	3	0	778	0	724	6	769	7	0	874	5	7	10	10	783	736	24	714	
23	15	5	19	24	2	782	0	3	871	0	828	643	761	20	797	4	766	2	745	0	785	724	0	3	770	0	9	2	5	751	4	829	772	841	0	718	3	5	53	8	3	0	17	7	15	9	2	39	0	9	4	762	4	39	5	23	4	3	0	755	0	711	6	776	7	0	900	5	7	10	10	707	690	24	699	
24	15	5	33	24	2	772	0	3	873	0	784	632	808	6	790	4	779	2	768	0	826	730	0	3	805	0	9	2	5	809	4	727	712	808	0	701	3	5	53	8	3	0	17	7	13	9	2	36	0	9	4	757	4	34	5	23	4	3	0	851	0	770	6	789	7	0	720	5	7	10	10	735	707	24	745	
25	15	5	17	24	2	848	0	3	770	0	753	674	817	17	784	4	727	2	709	0	839	756	0	3	804	0	9	2	5	870	4	781	755	876	0	741	3	5	53	8	3	0	17	7	51	9	2	36	0	9	4	782	4	29	5	23	4	3	0	857	0	779	6	834	7	0	685	5	7	10	10	669	690	24	748	
26	15	5	32	24	2	792	0	3	841	0	762	698	740	17	753	4	604	2	767	0	802	701	0	3	819	0	9	2	5	835	4	861	747	808	0	715	3	5	53	8	3	0	17	7	21	9	2	37	0	9	4	860	4	32	5	23	4	3	0	783	0	724	6	765	7	0	696	5	7	10	10	664	655	24	776	
27	15	5	16	24	2	831	0	3	808	0	721	781	696	21	707	4	607	2	744	0	890	803	0	3	657	0	9	2	5	823	4	860	829	848	0	691	3	5	53	8	3	0	17	7	9	9	2	38	0	9	4	763	4	32	5	23	4	3	0	783	0	730	6	659	7	0	738	5	7	10	10	705	623	24	777	
28	15	5	31	24	2	867	0	3	823	0	668	736	670	12	703	4	660	2	721	0	764	706	0	3	792	0	9	2	5	859	4	782	867	869	0	695	3	5	53	8	3	0	17	7	27	9	2	35	0	9	4	751	4	34	5	23	4	3	0	799	0	679	6	737	7	0	759	5	7	10	10	752	514	24	721	
29	15	5	15	24	2	833	0	3	816	0	723	735	655	19	733	4	662	2	730	0	794	655	0	3	842	0	9	2	5	849	4	762	859	764	0	716	3	5	53	8	3	0	17	7	63	9	2	37	0	9	4	796	4	38	5	23	4	3	0	873	0	635	6	661	7	0	702	5	7	10	10	767	414	24	690	
30	15	5	32	24	2	825	0	3	802	0	736	793	651	17	741	4	673	2	780	0	728	632	0	3	793	0	9	2	5	837	4	813	809	807	0	680	3	5	53	8	3	0	17	7	15	9	2	38	0	9	4	791	4	39	5	23	4	3	0	845	0	594	6	643	7	0	662	5	7	10	10	691	222	24	652	
31	0	0	0	0	0	0	0	0	0	0	0	0	0	0	0	0	0	0	0	0	0	0	0	0	0	0	0	0	0	0	0	0	0	0	0	0	0	0	0	0	0	0	0	0	0	0	0	0	0	0	0	0	0	0	0	0	0	0	0	0	0	0	0	0	0	0	0	0	0	0	0	0	0	0	0	
------ Int Nat            --
Ite	f0	f1	f2	f3	f4	f5	f6	f7	f8	f9	f10	f11	f12	f13	f14	f15	f16	f17	f18	f19	f20	f21	f22	f23	f24	f25	f26	f27	f28	f29	f30	f31	f32	f33	f34	f35	f36	f37	f38	f39	f40	f41	f42	f43	f44	f45	f46	f47	f48	f49	f50	f51	f52	f53	f54	f55	f56	f57	f58	f59	f60	f61	f62	f63	f64	f65	f66	f67	f68	f69	f70	f71	f72	f73	f74	
0	684	624	496	710	629	903	649	660	809	561	754	836	774	710	828	658	734	599	746	502	803	788	736	631	891	630	674	591	606	827	693	810	778	869	556	888	612	802	657	717	621	626	636	637	649	743	791	712	616	706	607	842	686	568	658	705	518	627	739	837	651	823	628	740	695	721	794	621	747	674	609	793	782	708	852	
1	238	254	146	245	165	884	174	261	727	72	679	683	769	519	836	318	741	142	738	63	791	796	456	173	837	243	194	349	89	828	233	822	771	827	135	765	183	547	336	530	253	261	166	314	264	495	467	299	310	292	132	779	409	194	186	532	76	141	448	801	249	724	218	872	408	377	815	143	384	340	332	812	713	353	728	
2	32	26	19	28	8	889	2	7	789	11	700	729	787	261	837	18	786	2	797	6	741	806	140	5	777	5	27	29	6	815	51	778	781	859	4	861	13	368	60	318	22	14	14	45	53	155	111	139	57	12	1	751	81	22	7	137	1	17	88	827	18	721	21	872	59	38	838	12	44	43	38	800	738	36	796	
3	8	10	8	6	2	891	0	7	865	3	774	758	795	37	813	4	744	2	713	5	792	816	14	3	760	2	6	4	5	850	3	773	821	852	1	762	3	51	43	52	3	1	6	9	40	8	6	8	5	6	3	787	5	27	4	49	6	3	6	834	3	673	7	800	7	15	803	5	7	8	7	815	798	21	778	
4	12	6	24	25	2	847	0	6	848	2	786	796	691	31	808	3	686	2	844	1	762	790	12	3	729	0	10	3	5	824	3	764	814	806	1	785	3	5	48	9	3	0	18	5	43	9	2	17	7	10	3	768	4	31	6	41	4	3	5	850	3	671	7	715	7	4	709	6	7	8	7	815	739	23	744	
5	17	6	15	32	2	879	0	5	818	1	745	761	632	30	766	3	792	2	825	0	796	689	10	3	695	0	18	3	5	786	3	728	808	840	0	823	3	5	49	6	3	0	30	7	13	9	2	29	6	9	3	781	4	27	5	51	4	3	3	835	1	712	7	807	7	3	803	5	7	10	9	819	705	24	702	
6	16	6	25	32	2	850	0	5	795	1	832	700	655	22	785	3	685	2	726	0	799	785	9	3	719	0	12	2	5	820	4	692	829	857	0	733	3	5	47	9	3	0	19	7	16	9	2	41	7	9	4	791	4	26	5	31	4	3	6	831	1	647	7	770	7	1	735	5	7	14	10	788	796	24	743	
7	15	5	31	24	2	871	0	4	774	1	775	653	709	7	767	4	760	2	680	0	773	874	9	3	696	0	9	2	5	843	4	717	826	884	0	827	3	5	52	9	3	0	14	7	41	9	2	37	7	9	4	821	4	33	5	30	4	3	2	740	1	711	6	832	7	0	754	5	7	14	10	823	851	24	777	
8	15	5	32	21	2	860	0	3	828	1	769	642	798	10	795	4	698	2	729	0	779	861	5	3	652	0	8	2	5	841	4	703	710	870	0	770	3	5	57	10	3	0	19	7	35	9	2	29	7	9	4	756	4	37	5	22	4	3	5	850	1	706	6	807	7	0	763	5	7	11	10	726	789	24	775	
9	15	5	25	23	2	830	0	3	791	0	769	763	761	17	814	4	708	2	754	0	796	790	6	3	752	0	10	2	5	797	4	709	778	742	0	740	3	5	56	9	3	0	21	7	12	9	2	34	6	9	4	686	4	43	5	21	4	3	3	846	1	762	6	806	7	0	871	5	7	10	10	731	766	24	750	
10	15	5	26	24	2	904	0	3	846	0	784	711	773	15	829	4	649	2	660	0	735	871	4	3	822	0	9	2	5	708	4	698	768	822	0	812	3	5	56	8	3	0	19	7	17	9	2	33	6	9	4	718	4	44	5	23	4	3	4	801	0	684	6	856	7	0	841	5	7	10	10	651	768	24	760	
11	15	5	21	24	2	845	0	3	822	0	798	650	711	10	824	4	740	2	760	0	740	781	5	3	754	0	9	2	5	816	4	735	803	886	0	706	3	5	52	8	3	0	17	7	36	9	2	34	6	9	4	798	4	43	5	23	4	3	2	784	0	674	6	820	7	0	758	5	7	10	10	650	719	24	816	
12	15	5	26	24	2	881	0	3	839	0	806	697	690	23	815	4	729	2	764	0	743	705	1	3	798	0	9	2	5	773	4	715	790	785	0	688	3	5	52	8	3	0	18	7	13	9	2	34	4	9	4	742	4	47	5	23	4	3	4	840	0	733	6	769	7	0	774	5	7	10	10	795	739	24	799	
13	15	5	21	23	2	815	0	3	785	0	694	701	738	25	733	4	688	2	779	0	711	793	2	3	819	0	9	2	5	739	4	713	783	821	0	731	3	5	52	8	3	0	18	7	9	9	2	36	4	9	4	842	4	39	5	23	4	3	1	751	0	775	6	780	7	0	794	5	7	10	10	759	689	24	847	
14	15	5	28	24	2	813	0	3	808	0	682	774	764	7	849	4	705	2	713	0	742	767	1	3	803	0	9	2	5	808	4	727	794	751	0	703	3	5	53	8	3	0	17	7	34	9	2	33	3	9	4	734	4	34	5	23	4	3	3	786	0	788	6	795	7	0	858	5	7	10	10	731	643	24	810	
15	15	5	21	24	2	819	0	3	848	0	788	739	826	19	861	4	712	2	805	0	745	737	1	3	666	0	9	2	5	825	4	643	816	758	0	756	3	5	54	8	3	0	17	7	58	9	2	34	3	9	4	746	4	35	5	23	4	3	1	794	0	778	6	834	7	0	732	5	7	10	10	780	687	24	716	
16	15	5	28	24	2	813	0	3	797	0	793	747	768	16	762	4	802	2	780	0	865	763	0	3	664	0	9	2	5	840	4	765	840	794	0	652	3	5	54	8	3	0	17	7	15	9	2	38	1	9	4	707	4	33	5	23	4	3	1	783	0	776	6	796	7	0	763	5	7	10	10	763	610	24	685	
17	15	5	20	24	2	852	0	3	796	0	775	808	684	9	786	4	833	2	723	0	743	768	1	3	728	0	9	2	5	816	4	685	842	822	0	694	3	5	54	8	3	0	17	7	13	9	2	39	0	9	4	771	4	29	5	23	4	3	1	771	0	807	6	870	7	0	712	5	7	10	10	703	672	24	676	
18	15	5	27	24	2	819	0	3	849	0	747	781	745	9	844	4	771	2	795	0	737	712	0	3	814	0	9	2	5	902	4	750	817	845	0	691	3	5	53	8	3	0	17	7	37	9	2	34	0	9	4	782	4	32	5	23	4	3	0	737	0	826	6	790	7	0	762	5	7	10	10	773	721	24	687	
19	15	5	20	24	2	862	0	3	761	0	739	765	823	22	837	4	683	2	750	0	753	682	0	3	729	0	9	2	5	749	4	787	797	805	0	756	3	5	53	8	3	0	17	7	25	9	2	37	0	9	4	773	4	33	5	23	4	3	0	852	0	763	6	717	7	0	823	5	7	10	10	816	685	24	741	
20	15	5	28	24	2	785	0	3	846	0	766	753	837	21	767	4	736	2	785	0	798	775	0	3	699	0	9	2	5	766	4	788	781	864	0	789	3	5	53	8	3	0	17	7	10	9	2	37	0	9	4	817	4	37	5	23	4	3	0	858	0	780	6	792	7	0	774	5	7	10	10	748	703	24	727	
21	15	5	20	24	2	763	0	3	909	0	776	696	865	6	777	4	710	2	761	0	829	789	0	3	798	0	9	2	5	795	4	730	864	793	0	784	3	5	53	8	3	0	17	7	20	9	2	35	0	9	4	754	4	39	5	23	4	3	0	775	0	717	6	759	7	0	714	5	7	10	10	689	687	24	655	
22	15	5	31	24	2	804	0	3	796	0	768	641	797	17	901	4	753	2	799	0	748	757	0	3	742	0	9	2	5	871	4	780	812	834	0	790	3	5	53	8	3	0	17	7	79	9	2	35	0	9	4	805	4	41	5	23	4	3	0	704	0	763	6	753	7	0	893	5	7	10	10	747	719	24	699	
23	15	5	20	24	2	809	0	3	901	0	795	606	729	21	826	4	762	2	784	0	738	738	0	3	713	0	9	2	5	710	4	821	805	811	0	727	3	5	53	8	3	0	17	7	32	9	2	37	0	9	4	733	4	43	5	23	4	3	0	809	0	712	6	757	7	0	888	5	7	10	10	743	727	24	675	
24	15	5	32	24	2	829	0	3	923	0	816	645	776	9	765	4	775	2	767	0	819	708	0	3	779	0	9	2	5	844	4	764	737	790	0	741	3	5	53	8	3	0	17	7	10	9	2	38	0	9	4	760	4	36	5	23	4	3	0	772	0	736	6	785	7	0	784	5	7	10	10	652	673	24	709	
25	15	5	18	24	2	786	0	3	825	0	756	631	798	9	854	4	771	2	705	0	854	786	0	3	842	0	9	2	5	842	4	792	764	867	0	670	3	5	53	8	3	0	17	7	25	9	2	36	0	9	4	781	4	32	5	23	4	3	0	905	0	748	6	828	7	0	648	5	7	10	10	743	724	24	763	
26	15	5	31	24	2	816	0	3	833	0	788	688	815	20	745	4	679	2	774	0	827	746	0	3	804	0	9	2	5	838	4	786	732	828	0	747	3	5	53	8	3	0	17	7	50	9	2	37	0	9	4	816	4	28	5	23	4	3	0	881	0	735	6	813	7	0	730	5	7	10	10	659	674	24	726	
27	15	5	17	24	2	790	0	3	778	0	698	742	708	25	743	4	618	2	708	0	839	715	0	3	729	0	9	2	5	859	4	830	793	801	0	736	3	5	53	8	3	0	17	7	9	9	2	37	0	9	4	859	4	32	5	23	4	3	0	807	0	781	6	683	7	0	689	5	7	10	10	690	621	24	746	
28	15	5	30	24	2	869	0	3	805	0	662	770	649	4	671	4	582	2	712	0	785	784	0	3	735	0	9	2	5	825	4	789	858	883	0	696	3	5	53	8	3	0	17	7	11	9	2	36	0	9	4	697	4	32	5	23	4	3	0	708	0	638	6	702	7	0	793	5	7	10	10	758	585	24	776	
29	15	5	16	24	2	811	0	3	857	0	704	725	654	20	735	4	716	2	698	0	820	646	0	3	807	0	9	2	5	882	4	733	821	808	0	679	3	5	53	8	3	0	17	7	49	9	2	37	0	9	4	747	4	37	5	23	4	3	0	911	0	683	6	701	7	0	721	5	7	10	10	770	480	24	674	
30	15	5	31	24	2	791	0	3	836	0	704	827	643	20	742	4	674	2	771	0	756	640	0	3	843	0	9	2	5	812	4	796	816	833	0	692	3	5	53	8	3	0	17	7	44	9	2	37	0	9	4	789	4	39	5	23	4	3	0	829	0	600	6	680	7	0	707	5	7	10	10	721	334	24	637	
------ Errors             --
Ite	f0	f1	f2	f3	f4	f5	f6	f7	f8	f9	f10	f11	f12	f13	f14	f15	f16	f17	f18	f19	f20	f21	f22	f23	f24	f25	f26	f27	f28	f29	f30	f31	f32	f33	f34	f35	f36	f37	f38	f39	f40	f41	f42	f43	f44	f45	f46	f47	f48	f49	f50	f51	f52	f53	f54	f55	f56	f57	f58	f59	f60	f61	f62	f63	f64	f65	f66	f67	f68	f69	f70	f71	f72	f73	f74	
0	121	136	97	173	96	363	133	169	361	72	239	322	288	203	299	160	272	107	288	65	308	267	203	88	338	145	153	142	91	290	131	296	261	327	95	321	143	213	171	223	132	132	109	147	154	185	191	174	156	144	110	309	145	123	115	243	96	95	212	316	120	254	127	289	174	155	303	117	165	137	142	271	276	213	325	
1	14	20	11	22	3	383	9	11	299	6	208	261	283	112	283	32	264	2	289	6	259	271	78	4	338	8	24	21	1	301	17	290	283	378	9	307	20	124	41	102	14	18	12	48	22	78	70	58	41	15	3	324	48	17	4	81	1	2	77	301	20	200	19	302	39	35	313	7	37	32	23	282	262	34	272	
2	10	2	9	10	3	384	2	3	356	6	217	306	273	20	284	2	291	2	313	8	232	290	3	2	309	2	10	0	2	326	3	261	254	335	6	292	2	18	10	24	3	6	3	3	9	3	3	9	0	3	2	260	2	8	1	21	1	2	12	320	6	231	1	325	2	5	314	0	1	1	3	281	258	3	240	
3	10	2	10	9	3	390	2	3	331	6	233	266	288	7	291	3	281	2	276	9	245	276	3	2	296	2	10	1	2	326	2	238	284	321	6	303	2	1	11	3	3	6	3	2	12	1	3	6	0	3	2	302	2	8	1	13	0	3	3	289	6	201	2	285	2	7	294	1	2	3	3	295	230	2	220	
4	10	2	8	9	3	359	2	3	305	6	237	289	246	9	280	3	245	2	283	9	268	306	3	2	247	2	10	2	2	300	2	230	290	311	6	286	2	3	11	3	3	6	3	3	11	1	3	6	0	2	2	308	2	9	1	11	1	3	3	265	6	153	2	248	2	7	263	0	2	3	3	276	254	2	248	
5	10	2	10	9	3	382	2	3	300	6	247	243	210	10	252	2	242	2	296	9	273	247	3	2	255	2	9	2	2	318	2	237	334	344	6	307	2	3	13	3	3	6	3	3	11	1	3	6	0	2	2	276	2	9	1	13	1	3	3	338	6	153	2	277	2	7	278	1	2	3	3	285	225	2	206	
6	10	2	10	9	3	343	2	3	270	6	272	212	183	13	225	2	195	2	261	9	298	237	3	2	259	2	9	2	2	336	2	256	285	324	6	308	2	3	13	3	3	6	3	3	10	1	3	6	0	3	2	326	2	9	1	12	1	3	3	324	6	182	2	275	2	7	250	0	2	3	2	235	273	2	216	
7	10	2	10	9	3	356	2	3	281	6	259	213	181	10	311	2	247	2	237	9	270	308	5	2	250	2	9	2	2	366	2	235	259	340	6	290	2	3	13	3	3	6	3	3	12	1	3	6	1	3	2	303	2	9	1	13	1	3	5	278	6	180	2	275	2	7	227	1	2	3	2	213	290	2	249	
8	10	2	10	9	3	343	2	3	304	6	264	225	224	7	311	2	258	2	281	9	257	285	3	2	226	2	9	2	2	320	2	254	236	369	6	291	2	3	11	2	3	6	3	3	18	1	3	6	2	3	2	309	2	8	1	13	1	3	6	307	6	204	2	336	2	7	235	1	2	3	2	227	283	2	259	
9	10	2	10	9	3	303	2	3	277	6	268	228	253	11	282	2	210	2	309	9	221	274	6	2	231	2	9	2	2	290	2	223	252	305	6	256	2	3	11	3	3	6	2	3	12	1	3	6	4	3	2	263	2	8	1	13	1	3	6	288	6	227	2	343	2	7	269	1	2	3	2	205	246	2	265	
10	10	2	10	9	3	294	2	3	312	6	256	260	251	9	287	2	220	2	315	9	258	304	6	2	283	2	9	2	2	279	2	234	262	290	6	270	2	3	11	3	3	6	2	3	10	1	3	6	5	3	2	284	2	8	1	13	1	3	6	311	6	239	2	335	2	7	272	1	2	3	2	194	259	2	288	
11	10	2	10	9	3	315	2	3	279	6	300	248	260	8	285	2	241	2	324	9	253	252	6	2	290	2	9	2	2	310	2	249	249	289	6	259	2	3	11	3	3	6	3	3	11	1	3	6	6	3	2	300	2	8	1	13	1	3	6	302	6	214	2	333	2	7	243	1	2	3	2	202	319	2	322	
12	10	2	10	9	3	358	2	3	260	6	233	212	251	10	303	2	252	2	276	9	256	246	6	2	320	2	9	2	2	289	2	192	289	259	6	220	2	3	12	3	3	6	2	3	11	1	3	6	6	3	2	332	2	8	1	13	1	3	6	300	6	206	2	310	2	7	313	1	2	3	2	236	233	2	313	
13	10	2	10	9	3	370	2	3	284	6	215	238	212	11	257	2	244	2	281	9	283	232	6	2	351	2	9	2	2	253	2	245	254	263	6	241	2	3	12	3	3	6	2	3	10	1	3	6	6	3	2	350	2	8	1	13	1	3	6	253	6	255	2	287	2	7	277	1	2	3	2	251	197	2	317	
14	10	2	10	9	3	317	2	3	333	6	243	260	244	7	293	2	240	2	335	9	242	249	6	2	303	2	9	2	2	272	2	258	254	261	6	261	2	3	12	3	3	6	2	3	10	1	3	6	6	3	2	307	2	8	1	13	1	3	6	284	6	269	2	276	2	7	274	1	2	3	2	252	147	2	270	
15	10	2	10	9	3	338	2	3	356	6	296	282	271	8	362	2	197	2	325	9	282	252	6	2	315	2	9	2	2	285	2	220	272	265	6	228	2	3	11	3	3	6	2	3	18	1	3	6	6	3	2	285	2	8	1	13	1	3	6	281	6	255	2	323	2	7	283	1	2	3	2	245	180	2	279	
16	10	2	10	9	3	295	2	3	313	6	301	304	247	12	294	2	247	2	335	9	284	207	6	2	275	2	9	2	2	305	2	260	303	289	6	196	2	3	11	3	3	6	2	3	11	1	3	6	6	3	2	263	2	9	1	13	1	3	6	249	6	274	2	320	2	7	245	1	2	3	2	227	171	2	235	
17	10	2	10	9	3	259	2	3	305	6	290	279	220	7	279	2	286	2	330	9	271	177	6	2	262	2	9	2	2	302	2	283	325	288	6	216	2	3	11	3	3	6	2	3	11	1	3	6	6	3	2	281	2	9	1	13	1	3	6	259	6	305	2	325	2	7	239	1	2	3	2	240	175	2	237	
18	10	2	9	9	3	316	2	3	306	6	252	265	244	7	269	2	225	2	304	9	277	168	6	2	268	2	9	2	2	341	2	315	279	284	6	189	2	3	11	3	3	6	2	3	11	1	3	6	6	3	2	248	2	9	1	13	1	3	6	266	6	258	2	321	2	7	269	1	2	3	2	227	179	2	225	
19	10	2	10	9	3	315	2	3	297	6	258	288	276	12	281	2	197	2	260	9	284	214	6	2	252	2	9	2	2	305	2	275	267	318	6	223	2	3	11	3	3	6	2	3	13	1	3	6	6	3	2	256	2	9	1	13	1	3	6	305	6	242	2	301	2	7	303	1	2	3	2	202	163	2	246	
20	10	2	9	9	3	268	2	3	297	6	259	257	291	11	274	2	230	2	297	9	319	262	6	2	260	2	9	2	2	338	2	256	296	346	6	235	2	3	11	3	3	6	2	3	10	1	3	6	6	3	2	287	2	8	1	13	1	3	6	344	6	198	2	327	2	7	276	1	2	3	2	218	176	2	238	
21	10	2	10	9	3	279	2	3	330	6	225	179	332	8	280	2	227	2	275	9	305	311	6	2	284	2	9	2	2	305	2	282	286	328	6	287	2	3	11	3	3	6	2	3	10	1	3	6	6	3	2	266	2	8	1	13	1	3	6	302	6	192	2	320	2	7	288	1	2	3	2	203	188	2	208	
22	10	2	8	9	3	276	2	3	286	6	247	171	314	7	283	2	225	2	259	9	289	242	6	2	256	2	9	2	2	316	2	264	319	327	6	257	2	3	11	3	3	6	2	3	16	1	3	6	6	3	2	269	2	8	1	13	1	3	6	263	6	172	2	271	2	7	347	1	2	3	2	204	235	2	166	
23	10	2	10	9	3	252	2	3	315	6	292	201	300	12	297	2	243	2	284	9	318	249	6	2	261	2	9	2	2	298	2	281	289	303	6	234	2	3	11	3	3	6	2	3	16	1	3	6	6	3	2	256	2	8	1	13	1	3	6	285	6	227	2	208	2	7	303	1	2	3	2	204	235	2	198	
24	10	2	8	9	3	271	2	3	322	6	299	217	306	7	331	2	270	2	255	9	324	274	6	2	279	2	9	2	2	330	2	281	281	320	6	233	2	3	11	3	3	6	2	3	11	1	3	6	6	3	2	265	2	8	1	13	1	3	6	304	6	209	2	210	2	7	283	1	2	3	2	211	173	2	228	
25	10	2	10	9	3	295	2	3	310	6	292	207	262	7	295	2	274	2	248	9	317	252	6	2	308	2	9	2	2	303	2	255	287	315	6	217	2	3	11	3	3	6	2	3	11	1	3	6	6	3	2	231	2	9	1	13	1	3	6	346	6	255	2	214	2	7	232	1	2	3	2	233	181	2	246	
26	10	2	8	9	3	297	2	3	272	6	282	179	254	12	249	2	259	2	222	9	333	215	6	2	324	2	9	2	2	323	2	291	267	322	6	252	2	3	11	3	3	6	2	3	15	1	3	6	6	3	2	283	2	9	1	13	1	3	6	319	6	230	2	212	2	7	276	1	2	3	2	228	156	2	248	
27	10	2	10	9	3	276	2	3	298	6	223	225	241	10	228	2	220	2	243	9	325	194	6	2	261	2	9	2	2	313	2	332	274	317	6	227	2	3	11	3	3	6	2	3	11	1	3	6	6	3	2	272	2	9	1	13	1	3	6	281	6	276	2	166	2	7	238	1	2	3	2	258	136	2	248	
28	10	2	8	9	3	325	2	3	264	6	244	233	198	9	238	2	203	2	252	9	335	234	6	2	257	2	9	2	2	306	2	313	282	310	6	212	2	3	11	3	3	6	2	3	10	1	3	6	6	3	2	279	2	9	1	13	1	3	6	292	6	215	2	183	2	7	267	1	2	3	2	223	105	2	223	
29	10	2	10	9	3	316	2	3	300	6	240	254	163	9	205	2	240	2	275	9	279	206	6	2	283	2	9	2	2	333	2	302	269	300	6	217	2	3	11	3	3	6	2	3	11	1	3	6	6	3	2	293	2	8	1	13	1	3	6	303	6	209	2	208	2	7	205	1	2	3	2	256	82	2	196	
30	10	2	8	9	3	299	2	3	284	6	259	253	160	12	195	2	190	2	236	9	255	174	6	2	352	2	9	2	2	299	2	272	299	281	6	183	2	3	11	3	3	6	2	3	14	1	3	6	6	3	2	285	2	8	1	13	1	3	6	362	6	132	2	163	2	7	194	1	2	3	2	257	32	2	215	
31	10	2	10	9	3	294	2	3	316	6	271	294	101	7	209	2	170	2	262	9	246	152	6	2	305	2	9	2	2	316	2	274	276	274	6	152	2	3	11	3	3	6	2	3	10	1	3	6	6	3	2	276	2	8	1	13	1	3	6	311	6	155	2	166	2	7	147	1	2	3	2	204	6	2	190	
-- Osc per ite (corre fr) --
------ Nat Nat            --
Ite	f0	f1	f2	f3	f4	f5	f6	f7	f8	f9	f10	f11	f12	f13	f14	f15	f16	f17	f18	f19	f20	f21	f22	f23	f24	f25	f26	f27	f28	f29	f30	f31	f32	f33	f34	f35	f36	f37	f38	f39	f40	f41	f42	f43	f44	f45	f46	f47	f48	f49	f50	f51	f52	f53	f54	f55	f56	f57	f58	f59	f60	f61	f62	f63	f64	f65	f66	f67	f68	f69	f70	f71	f72	f73	f74	
0	393	368	449	402	474	392	532	465	493	577	469	564	528	424	432	428	411	458	509	547	399	559	498	532	603	515	536	496	543	519	479	491	517	509	457	500	485	545	435	532	553	448	480	508	570	430	467	541	430	469	520	546	490	572	485	399	520	498	502	517	534	453	416	516	493	448	431	591	513	437	493	484	434	470	376	
1	110	55	171	74	90	63	116	151	154	240	143	204	310	186	105	125	138	121	286	223	162	354	249	285	429	290	260	114	338	278	270	155	217	313	196	166	96	215	105	175	201	160	126	184	266	157	111	138	140	197	217	249	254	324	176	51	112	248	274	315	222	203	88	106	248	225	31	353	287	193	160	60	138	179	129	
2	0	0	26	1	1	0	0	2	2	3	14	5	55	30	0	2	0	0	123	26	8	86	24	13	200	82	54	0	104	9	9	3	17	52	3	0	0	48	0	1	20	0	5	0	38	2	0	4	10	7	4	75	108	44	9	0	0	10	55	61	15	5	0	0	13	15	0	162	42	1	7	0	0	5	1	
3	0	0	0	0	0	0	0	0	0	0	0	1	0	0	0	0	0	0	0	0	0	1	0	0	23	1	0	0	0	0	0	0	0	0	0	0	0	0	0	0	0	0	0	0	0	0	0	0	0	0	0	1	5	0	0	0	0	0	0	0	0	0	0	0	0	0	0	9	0	0	0	0	0	0	0	
4	0	0	0	0	0	0	0	0	0	0	0	0	0	0	0	0	0	0	0	0	0	0	0	0	2	0	0	0	0	0	0	0	0	0	0	0	0	0	0	0	0	0	0	0	0	0	0	0	0	0	0	0	0	0	0	0	0	0	0	0	0	0	0	0	0	0	0	0	0	0	0	0	0	0	0	
5	0	0	0	0	0	0	0	0	0	0	0	0	0	0	0	0	0	0	0	0	0	0	0	0	0	0	0	0	0	0	0	0	0	0	0	0	0	0	0	0	0	0	0	0	0	0	0	0	0	0	0	0	0	0	0	0	0	0	0	0	0	0	0	0	0	0	0	0	0	0	0	0	0	0	0	
6	0	0	0	0	0	0	0	0	0	0	0	0	0	0	0	0	0	0	0	0	0	0	0	0	0	0	0	0	0	0	0	0	0	0	0	0	0	0	0	0	0	0	0	0	0	0	0	0	0	0	0	0	0	0	0	0	0	0	0	0	0	0	0	0	0	0	0	0	0	0	0	0	0	0	0	
7	0	0	0	0	0	0	0	0	0	0	0	0	0	0	0	0	0	0	0	0	0	0	0	0	0	0	0	0	0	0	0	0	0	0	0	0	0	0	0	0	0	0	0	0	0	0	0	0	0	0	0	0	0	0	0	0	0	0	0	0	0	0	0	0	0	0	0	0	0	0	0	0	0	0	0	
8	0	0	0	0	0	0	0	0	0	0	0	0	0	0	0	0	0	0	0	0	0	0	0	0	0	0	0	0	0	0	0	0	0	0	0	0	0	0	0	0	0	0	0	0	0	0	0	0	0	0	0	0	0	0	0	0	0	0	0	0	0	0	0	0	0	0	0	0	0	0	0	0	0	0	0	
9	0	0	0	0	0	0	0	0	0	0	0	0	0	0	0	0	0	0	0	0	0	0	0	0	0	0	0	0	0	0	0	0	0	0	0	0	0	0	0	0	0	0	0	0	0	0	0	0	0	0	0	0	0	0	0	0	0	0	0	0	0	0	0	0	0	0	0	0	0	0	0	0	0	0	0	
10	0	0	0	0	0	0	0	0	0	0	0	0	0	0	0	0	0	0	0	0	0	0	0	0	0	0	0	0	0	0	0	0	0	0	0	0	0	0	0	0	0	0	0	0	0	0	0	0	0	0	0	0	0	0	0	0	0	0	0	0	0	0	0	0	0	0	0	0	0	0	0	0	0	0	0	
11	0	0	0	0	0	0	0	0	0	0	0	0	0	0	0	0	0	0	0	0	0	0	0	0	0	0	0	0	0	0	0	0	0	0	0	0	0	0	0	0	0	0	0	0	0	0	0	0	0	0	0	0	0	0	0	0	0	0	0	0	0	0	0	0	0	0	0	0	0	0	0	0	0	0	0	
12	0	0	0	0	0	0	0	0	0	0	0	0	0	0	0	0	0	0	0	0	0	0	0	0	0	0	0	0	0	0	0	0	0	0	0	0	0	0	0	0	0	0	0	0	0	0	0	0	0	0	0	0	0	0	0	0	0	0	0	0	0	0	0	0	0	0	0	0	0	0	0	0	0	0	0	
13	0	0	0	0	0	0	0	0	0	0	0	0	0	0	0	0	0	0	0	0	0	0	0	0	0	0	0	0	0	0	0	0	0	0	0	0	0	0	0	0	0	0	0	0	0	0	0	0	0	0	0	0	0	0	0	0	0	0	0	0	0	0	0	0	0	0	0	0	0	0	0	0	0	0	0	
14	0	0	0	0	0	0	0	0	0	0	0	0	0	0	0	0	0	0	0	0	0	0	0	0	0	0	0	0	0	0	0	0	0	0	0	0	0	0	0	0	0	0	0	0	0	0	0	0	0	0	0	0	0	0	0	0	0	0	0	0	0	0	0	0	0	0	0	0	0	0	0	0	0	0	0	
15	0	0	0	0	0	0	0	0	0	0	0	0	0	0	0	0	0	0	0	0	0	0	0	0	0	0	0	0	0	0	0	0	0	0	0	0	0	0	0	0	0	0	0	0	0	0	0	0	0	0	0	0	0	0	0	0	0	0	0	0	0	0	0	0	0	0	0	0	0	0	0	0	0	0	0	
16	0	0	0	0	0	0	0	0	0	0	0	0	0	0	0	0	0	0	0	0	0	0	0	0	0	0	0	0	0	0	0	0	0	0	0	0	0	0	0	0	0	0	0	0	0	0	0	0	0	0	0	0	0	0	0	0	0	0	0	0	0	0	0	0	0	0	0	0	0	0	0	0	0	0	0	
17	0	0	0	0	0	0	0	0	0	0	0	0	0	0	0	0	0	0	0	0	0	0	0	0	0	0	0	0	0	0	0	0	0	0	0	0	0	0	0	0	0	0	0	0	0	0	0	0	0	0	0	0	0	0	0	0	0	0	0	0	0	0	0	0	0	0	0	0	0	0	0	0	0	0	0	
18	0	0	0	0	0	0	0	0	0	0	0	0	0	0	0	0	0	0	0	0	0	0	0	0	0	0	0	0	0	0	0	0	0	0	0	0	0	0	0	0	0	0	0	0	0	0	0	0	0	0	0	0	0	0	0	0	0	0	0	0	0	0	0	0	0	0	0	0	0	0	0	0	0	0	0	
19	0	0	0	0	0	0	0	0	0	0	0	0	0	0	0	0	0	0	0	0	0	0	0	0	0	0	0	0	0	0	0	0	0	0	0	0	0	0	0	0	0	0	0	0	0	0	0	0	0	0	0	0	0	0	0	0	0	0	0	0	0	0	0	0	0	0	0	0	0	0	0	0	0	0	0	
20	0	0	0	0	0	0	0	0	0	0	0	0	0	0	0	0	0	0	0	0	0	0	0	0	0	0	0	0	0	0	0	0	0	0	0	0	0	0	0	0	0	0	0	0	0	0	0	0	0	0	0	0	0	0	0	0	0	0	0	0	0	0	0	0	0	0	0	0	0	0	0	0	0	0	0	
21	0	0	0	0	0	0	0	0	0	0	0	0	0	0	0	0	0	0	0	0	0	0	0	0	0	0	0	0	0	0	0	0	0	0	0	0	0	0	0	0	0	0	0	0	0	0	0	0	0	0	0	0	0	0	0	0	0	0	0	0	0	0	0	0	0	0	0	0	0	0	0	0	0	0	0	
22	0	0	0	0	0	0	0	0	0	0	0	0	0	0	0	0	0	0	0	0	0	0	0	0	0	0	0	0	0	0	0	0	0	0	0	0	0	0	0	0	0	0	0	0	0	0	0	0	0	0	0	0	0	0	0	0	0	0	0	0	0	0	0	0	0	0	0	0	0	0	0	0	0	0	0	
23	0	0	0	0	0	0	0	0	0	0	0	0	0	0	0	0	0	0	0	0	0	0	0	0	0	0	0	0	0	0	0	0	0	0	0	0	0	0	0	0	0	0	0	0	0	0	0	0	0	0	0	0	0	0	0	0	0	0	0	0	0	0	0	0	0	0	0	0	0	0	0	0	0	0	0	
24	0	0	0	0	0	0	0	0	0	0	0	0	0	0	0	0	0	0	0	0	0	0	0	0	0	0	0	0	0	0	0	0	0	0	0	0	0	0	0	0	0	0	0	0	0	0	0	0	0	0	0	0	0	0	0	0	0	0	0	0	0	0	0	0	0	0	0	0	0	0	0	0	0	0	0	
25	0	0	0	0	0	0	0	0	0	0	0	0	0	0	0	0	0	0	0	0	0	0	0	0	0	0	0	0	0	0	0	0	0	0	0	0	0	0	0	0	0	0	0	0	0	0	0	0	0	0	0	0	0	0	0	0	0	0	0	0	0	0	0	0	0	0	0	0	0	0	0	0	0	0	0	
26	0	0	0	0	0	0	0	0	0	0	0	0	0	0	0	0	0	0	0	0	0	0	0	0	0	0	0	0	0	0	0	0	0	0	0	0	0	0	0	0	0	0	0	0	0	0	0	0	0	0	0	0	0	0	0	0	0	0	0	0	0	0	0	0	0	0	0	0	0	0	0	0	0	0	0	
27	0	0	0	0	0	0	0	0	0	0	0	0	0	0	0	0	0	0	0	0	0	0	0	0	0	0	0	0	0	0	0	0	0	0	0	0	0	0	0	0	0	0	0	0	0	0	0	0	0	0	0	0	0	0	0	0	0	0	0	0	0	0	0	0	0	0	0	0	0	0	0	0	0	0	0	
28	0	0	0	0	0	0	0	0	0	0	0	0	0	0	0	0	0	0	0	0	0	0	0	0	0	0	0	0	0	0	0	0	0	0	0	0	0	0	0	0	0	0	0	0	0	0	0	0	0	0	0	0	0	0	0	0	0	0	0	0	0	0	0	0	0	0	0	0	0	0	0	0	0	0	0	
29	0	0	0	0	0	0	0	0	0	0	0	0	0	0	0	0	0	0	0	0	0	0	0	0	0	0	0	0	0	0	0	0	0	0	0	0	0	0	0	0	0	0	0	0	0	0	0	0	0	0	0	0	0	0	0	0	0	0	0	0	0	0	0	0	0	0	0	0	0	0	0	0	0	0	0	
30	0	0	0	0	0	0	0	0	0	0	0	0	0	0	0	0	0	0	0	0	0	0	0	0	0	0	0	0	0	0	0	0	0	0	0	0	0	0	0	0	0	0	0	0	0	0	0	0	0	0	0	0	0	0	0	0	0	0	0	0	0	0	0	0	0	0	0	0	0	0	0	0	0	0	0	
------ Int Int            --
Ite	f0	f1	f2	f3	f4	f5	f6	f7	f8	f9	f10	f11	f12	f13	f14	f15	f16	f17	f18	f19	f20	f21	f22	f23	f24	f25	f26	f27	f28	f29	f30	f31	f32	f33	f34	f35	f36	f37	f38	f39	f40	f41	f42	f43	f44	f45	f46	f47	f48	f49	f50	f51	f52	f53	f54	f55	f56	f57	f58	f59	f60	f61	f62	f63	f64	f65	f66	f67	f68	f69	f70	f71	f72	f73	f74	
0	275	208	294	192	212	185	313	336	361	352	324	311	369	274	312	259	334	305	490	386	347	457	423	381	490	413	438	295	394	357	353	316	406	414	295	248	279	353	337	377	332	283	315	363	408	297	252	290	312	389	410	362	438	423	340	245	312	334	380	402	340	325	274	318	337	368	207	426	388	295	271	195	285	346	268	
1	11	1	101	5	20	3	3	46	41	67	28	48	139	85	13	45	29	25	216	96	55	225	121	87	304	164	137	4	210	80	125	28	89	183	63	23	8	132	4	18	53	43	67	26	141	52	26	21	43	98	78	126	220	178	82	1	27	79	165	159	67	71	13	15	95	97	0	244	153	110	24	2	11	65	20	
2	0	0	0	0	0	0	0	0	0	0	0	2	4	1	0	0	0	0	32	0	0	15	4	1	151	27	6	0	10	0	0	0	10	4	0	0	0	2	0	0	0	0	0	0	2	0	0	0	0	1	1	2	67	15	0	0	0	0	8	7	0	0	0	0	0	0	0	67	2	0	0	0	0	0	0	
3	0	0	0	0	0	0	0	0	0	0	0	0	0	0	0	0	0	0	0	0	0	0	0	0	14	0	0	0	0	0	0	0	0	0	0	0	0	0	0	0	0	0	0	0	0	0	0	0	0	0	0	0	1	0	0	0	0	0	0	0	0	0	0	0	0	0	0	0	0	0	0	0	0	0	0	
4	0	0	0	0	0	0	0	0	0	0	0	0	0	0	0	0	0	0	0	0	0	0	0	0	0	0	0	0	0	0	0	0	0	0	0	0	0	0	0	0	0	0	0	0	0	0	0	0	0	0	0	0	0	0	0	0	0	0	0	0	0	0	0	0	0	0	0	0	0	0	0	0	0	0	0	
5	0	0	0	0	0	0	0	0	0	0	0	0	0	0	0	0	0	0	0	0	0	0	0	0	0	0	0	0	0	0	0	0	0	0	0	0	0	0	0	0	0	0	0	0	0	0	0	0	0	0	0	0	0	0	0	0	0	0	0	0	0	0	0	0	0	0	0	0	0	0	0	0	0	0	0	
6	0	0	0	0	0	0	0	0	0	0	0	0	0	0	0	0	0	0	0	0	0	0	0	0	0	0	0	0	0	0	0	0	0	0	0	0	0	0	0	0	0	0	0	0	0	0	0	0	0	0	0	0	0	0	0	0	0	0	0	0	0	0	0	0	0	0	0	0	0	0	0	0	0	0	0	
7	0	0	0	0	0	0	0	0	0	0	0	0	0	0	0	0	0	0	0	0	0	0	0	0	0	0	0	0	0	0	0	0	0	0	0	0	0	0	0	0	0	0	0	0	0	0	0	0	0	0	0	0	0	0	0	0	0	0	0	0	0	0	0	0	0	0	0	0	0	0	0	0	0	0	0	
8	0	0	0	0	0	0	0	0	0	0	0	0	0	0	0	0	0	0	0	0	0	0	0	0	0	0	0	0	0	0	0	0	0	0	0	0	0	0	0	0	0	0	0	0	0	0	0	0	0	0	0	0	0	0	0	0	0	0	0	0	0	0	0	0	0	0	0	0	0	0	0	0	0	0	0	
9	0	0	0	0	0	0	0	0	0	0	0	0	0	0	0	0	0	0	0	0	0	0	0	0	0	0	0	0	0	0	0	0	0	0	0	0	0	0	0	0	0	0	0	0	0	0	0	0	0	0	0	0	0	0	0	0	0	0	0	0	0	0	0	0	0	0	0	0	0	0	0	0	0	0	0	
10	0	0	0	0	0	0	0	0	0	0	0	0	0	0	0	0	0	0	0	0	0	0	0	0	0	0	0	0	0	0	0	0	0	0	0	0	0	0	0	0	0	0	0	0	0	0	0	0	0	0	0	0	0	0	0	0	0	0	0	0	0	0	0	0	0	0	0	0	0	0	0	0	0	0	0	
11	0	0	0	0	0	0	0	0	0	0	0	0	0	0	0	0	0	0	0	0	0	0	0	0	0	0	0	0	0	0	0	0	0	0	0	0	0	0	0	0	0	0	0	0	0	0	0	0	0	0	0	0	0	0	0	0	0	0	0	0	0	0	0	0	0	0	0	0	0	0	0	0	0	0	0	
12	0	0	0	0	0	0	0	0	0	0	0	0	0	0	0	0	0	0	0	0	0	0	0	0	0	0	0	0	0	0	0	0	0	0	0	0	0	0	0	0	0	0	0	0	0	0	0	0	0	0	0	0	0	0	0	0	0	0	0	0	0	0	0	0	0	0	0	0	0	0	0	0	0	0	0	
13	0	0	0	0	0	0	0	0	0	0	0	0	0	0	0	0	0	0	0	0	0	0	0	0	0	0	0	0	0	0	0	0	0	0	0	0	0	0	0	0	0	0	0	0	0	0	0	0	0	0	0	0	0	0	0	0	0	0	0	0	0	0	0	0	0	0	0	0	0	0	0	0	0	0	0	
14	0	0	0	0	0	0	0	0	0	0	0	0	0	0	0	0	0	0	0	0	0	0	0	0	0	0	0	0	0	0	0	0	0	0	0	0	0	0	0	0	0	0	0	0	0	0	0	0	0	0	0	0	0	0	0	0	0	0	0	0	0	0	0	0	0	0	0	0	0	0	0	0	0	0	0	
15	0	0	0	0	0	0	0	0	0	0	0	0	0	0	0	0	0	0	0	0	0	0	0	0	0	0	0	0	0	0	0	0	0	0	0	0	0	0	0	0	0	0	0	0	0	0	0	0	0	0	0	0	0	0	0	0	0	0	0	0	0	0	0	0	0	0	0	0	0	0	0	0	0	0	0	
16	0	0	0	0	0	0	0	0	0	0	0	0	0	0	0	0	0	0	0	0	0	0	0	0	0	0	0	0	0	0	0	0	0	0	0	0	0	0	0	0	0	0	0	0	0	0	0	0	0	0	0	0	0	0	0	0	0	0	0	0	0	0	0	0	0	0	0	0	0	0	0	0	0	0	0	
17	0	0	0	0	0	0	0	0	0	0	0	0	0	0	0	0	0	0	0	0	0	0	0	0	0	0	0	0	0	0	0	0	0	0	0	0	0	0	0	0	0	0	0	0	0	0	0	0	0	0	0	0	0	0	0	0	0	0	0	0	0	0	0	0	0	0	0	0	0	0	0	0	0	0	0	
18	0	0	0	0	0	0	0	0	0	0	0	0	0	0	0	0	0	0	0	0	0	0	0	0	0	0	0	0	0	0	0	0	0	0	0	0	0	0	0	0	0	0	0	0	0	0	0	0	0	0	0	0	0	0	0	0	0	0	0	0	0	0	0	0	0	0	0	0	0	0	0	0	0	0	0	
19	0	0	0	0	0	0	0	0	0	0	0	0	0	0	0	0	0	0	0	0	0	0	0	0	0	0	0	0	0	0	0	0	0	0	0	0	0	0	0	0	0	0	0	0	0	0	0	0	0	0	0	0	0	0	0	0	0	0	0	0	0	0	0	0	0	0	0	0	0	0	0	0	0	0	0	
20	0	0	0	0	0	0	0	0	0	0	0	0	0	0	0	0	0	0	0	0	0	0	0	0	0	0	0	0	0	0	0	0	0	0	0	0	0	0	0	0	0	0	0	0	0	0	0	0	0	0	0	0	0	0	0	0	0	0	0	0	0	0	0	0	0	0	0	0	0	0	0	0	0	0	0	
21	0	0	0	0	0	0	0	0	0	0	0	0	0	0	0	0	0	0	0	0	0	0	0	0	0	0	0	0	0	0	0	0	0	0	0	0	0	0	0	0	0	0	0	0	0	0	0	0	0	0	0	0	0	0	0	0	0	0	0	0	0	0	0	0	0	0	0	0	0	0	0	0	0	0	0	
22	0	0	0	0	0	0	0	0	0	0	0	0	0	0	0	0	0	0	0	0	0	0	0	0	0	0	0	0	0	0	0	0	0	0	0	0	0	0	0	0	0	0	0	0	0	0	0	0	0	0	0	0	0	0	0	0	0	0	0	0	0	0	0	0	0	0	0	0	0	0	0	0	0	0	0	
23	0	0	0	0	0	0	0	0	0	0	0	0	0	0	0	0	0	0	0	0	0	0	0	0	0	0	0	0	0	0	0	0	0	0	0	0	0	0	0	0	0	0	0	0	0	0	0	0	0	0	0	0	0	0	0	0	0	0	0	0	0	0	0	0	0	0	0	0	0	0	0	0	0	0	0	
24	0	0	0	0	0	0	0	0	0	0	0	0	0	0	0	0	0	0	0	0	0	0	0	0	0	0	0	0	0	0	0	0	0	0	0	0	0	0	0	0	0	0	0	0	0	0	0	0	0	0	0	0	0	0	0	0	0	0	0	0	0	0	0	0	0	0	0	0	0	0	0	0	0	0	0	
25	0	0	0	0	0	0	0	0	0	0	0	0	0	0	0	0	0	0	0	0	0	0	0	0	0	0	0	0	0	0	0	0	0	0	0	0	0	0	0	0	0	0	0	0	0	0	0	0	0	0	0	0	0	0	0	0	0	0	0	0	0	0	0	0	0	0	0	0	0	0	0	0	0	0	0	
26	0	0	0	0	0	0	0	0	0	0	0	0	0	0	0	0	0	0	0	0	0	0	0	0	0	0	0	0	0	0	0	0	0	0	0	0	0	0	0	0	0	0	0	0	0	0	0	0	0	0	0	0	0	0	0	0	0	0	0	0	0	0	0	0	0	0	0	0	0	0	0	0	0	0	0	
27	0	0	0	0	0	0	0	0	0	0	0	0	0	0	0	0	0	0	0	0	0	0	0	0	0	0	0	0	0	0	0	0	0	0	0	0	0	0	0	0	0	0	0	0	0	0	0	0	0	0	0	0	0	0	0	0	0	0	0	0	0	0	0	0	0	0	0	0	0	0	0	0	0	0	0	
28	0	0	0	0	0	0	0	0	0	0	0	0	0	0	0	0	0	0	0	0	0	0	0	0	0	0	0	0	0	0	0	0	0	0	0	0	0	0	0	0	0	0	0	0	0	0	0	0	0	0	0	0	0	0	0	0	0	0	0	0	0	0	0	0	0	0	0	0	0	0	0	0	0	0	0	
29	0	0	0	0	0	0	0	0	0	0	0	0	0	0	0	0	0	0	0	0	0	0	0	0	0	0	0	0	0	0	0	0	0	0	0	0	0	0	0	0	0	0	0	0	0	0	0	0	0	0	0	0	0	0	0	0	0	0	0	0	0	0	0	0	0	0	0	0	0	0	0	0	0	0	0	
30	0	0	0	0	0	0	0	0	0	0	0	0	0	0	0	0	0	0	0	0	0	0	0	0	0	0	0	0	0	0	0	0	0	0	0	0	0	0	0	0	0	0	0	0	0	0	0	0	0	0	0	0	0	0	0	0	0	0	0	0	0	0	0	0	0	0	0	0	0	0	0	0	0	0	0	
------ Nat Int            --
Ite	f0	f1	f2	f3	f4	f5	f6	f7	f8	f9	f10	f11	f12	f13	f14	f15	f16	f17	f18	f19	f20	f21	f22	f23	f24	f25	f26	f27	f28	f29	f30	f31	f32	f33	f34	f35	f36	f37	f38	f39	f40	f41	f42	f43	f44	f45	f46	f47	f48	f49	f50	f51	f52	f53	f54	f55	f56	f57	f58	f59	f60	f61	f62	f63	f64	f65	f66	f67	f68	f69	f70	f71	f72	f73	f74	
0	360	250	400	246	271	241	400	417	476	512	411	470	565	417	402	329	435	397	627	509	456	626	541	575	697	535	567	389	536	556	557	416	513	594	455	341	349	490	410	479	470	388	407	487	555	392	341	383	404	498	534	515	567	633	415	285	380	499	540	585	472	476	329	391	501	539	228	617	522	439	384	251	388	461	366	
1	11	1	125	6	23	3	3	48	43	70	38	53	186	111	13	47	29	25	285	122	63	297	147	101	448	234	189	4	286	89	134	31	104	229	66	23	8	172	4	19	71	43	72	26	173	54	26	25	52	106	81	190	315	202	91	1	28	89	212	214	82	76	13	15	108	112	0	364	183	111	31	2	11	70	21	
2	0	0	0	0	2	0	0	0	0	0	0	4	4	2	0	0	0	0	32	0	0	16	4	1	172	28	6	0	10	0	0	0	10	4	0	0	0	2	0	0	0	0	0	0	2	0	0	0	1	1	1	3	73	16	0	0	1	0	8	8	0	0	0	0	0	0	0	74	2	0	0	0	0	0	0	
3	0	0	0	0	2	0	0	0	0	0	0	1	0	1	0	0	0	0	0	0	0	0	0	0	16	0	0	0	0	0	0	0	0	0	0	0	0	0	0	0	0	0	0	0	0	0	0	0	1	0	0	0	1	1	0	0	1	0	0	1	0	0	0	0	0	0	0	0	0	0	0	0	0	0	0	
4	0	0	0	0	2	0	0	0	0	0	0	1	0	1	0	0	0	0	0	0	0	0	0	0	0	0	0	0	0	0	0	0	0	0	0	0	0	0	0	0	0	0	0	0	0	0	0	0	1	0	0	0	0	1	0	0	1	0	0	1	0	0	0	0	0	0	0	0	0	0	0	0	0	0	0	
5	0	0	0	0	2	0	0	0	0	0	0	1	0	1	0	0	0	0	0	0	0	0	0	0	0	0	0	0	0	0	0	0	0	0	0	0	0	0	0	0	0	0	0	0	0	0	0	0	1	0	0	0	0	1	0	0	1	0	0	1	0	0	0	0	0	0	0	0	0	0	0	0	0	0	0	
6	0	0	0	0	2	0	0	0	0	0	0	1	0	1	0	0	0	0	0	0	0	0	0	0	0	0	0	0	0	0	0	0	0	0	0	0	0	0	0	0	0	0	0	0	0	0	0	0	1	0	0	0	0	1	0	0	1	0	0	1	0	0	0	0	0	0	0	0	0	0	0	0	0	0	0	
7	0	0	0	0	2	0	0	0	0	0	0	1	0	1	0	0	0	0	0	0	0	0	0	0	0	0	0	0	0	0	0	0	0	0	0	0	0	0	0	0	0	0	0	0	0	0	0	0	1	0	0	0	0	1	0	0	1	0	0	1	0	0	0	0	0	0	0	0	0	0	0	0	0	0	0	
8	0	0	0	0	2	0	0	0	0	0	0	1	0	1	0	0	0	0	0	0	0	0	0	0	0	0	0	0	0	0	0	0	0	0	0	0	0	0	0	0	0	0	0	0	0	0	0	0	1	0	0	0	0	1	0	0	1	0	0	1	0	0	0	0	0	0	0	0	0	0	0	0	0	0	0	
9	0	0	0	0	2	0	0	0	0	0	0	1	0	1	0	0	0	0	0	0	0	0	0	0	0	0	0	0	0	0	0	0	0	0	0	0	0	0	0	0	0	0	0	0	0	0	0	0	1	0	0	0	0	1	0	0	1	0	0	1	0	0	0	0	0	0	0	0	0	0	0	0	0	0	0	
10	0	0	0	0	2	0	0	0	0	0	0	1	0	1	0	0	0	0	0	0	0	0	0	0	0	0	0	0	0	0	0	0	0	0	0	0	0	0	0	0	0	0	0	0	0	0	0	0	1	0	0	0	0	1	0	0	1	0	0	1	0	0	0	0	0	0	0	0	0	0	0	0	0	0	0	
11	0	0	0	0	2	0	0	0	0	0	0	1	0	1	0	0	0	0	0	0	0	0	0	0	0	0	0	0	0	0	0	0	0	0	0	0	0	0	0	0	0	0	0	0	0	0	0	0	1	0	0	0	0	1	0	0	1	0	0	1	0	0	0	0	0	0	0	0	0	0	0	0	0	0	0	
12	0	0	0	0	2	0	0	0	0	0	0	1	0	1	0	0	0	0	0	0	0	0	0	0	0	0	0	0	0	0	0	0	0	0	0	0	0	0	0	0	0	0	0	0	0	0	0	0	1	0	0	0	0	1	0	0	1	0	0	1	0	0	0	0	0	0	0	0	0	0	0	0	0	0	0	
13	0	0	0	0	2	0	0	0	0	0	0	1	0	1	0	0	0	0	0	0	0	0	0	0	0	0	0	0	0	0	0	0	0	0	0	0	0	0	0	0	0	0	0	0	0	0	0	0	1	0	0	0	0	1	0	0	1	0	0	1	0	0	0	0	0	0	0	0	0	0	0	0	0	0	0	
14	0	0	0	0	2	0	0	0	0	0	0	1	0	1	0	0	0	0	0	0	0	0	0	0	0	0	0	0	0	0	0	0	0	0	0	0	0	0	0	0	0	0	0	0	0	0	0	0	1	0	0	0	0	1	0	0	1	0	0	1	0	0	0	0	0	0	0	0	0	0	0	0	0	0	0	
15	0	0	0	0	2	0	0	0	0	0	0	1	0	1	0	0	0	0	0	0	0	0	0	0	0	0	0	0	0	0	0	0	0	0	0	0	0	0	0	0	0	0	0	0	0	0	0	0	1	0	0	0	0	1	0	0	1	0	0	1	0	0	0	0	0	0	0	0	0	0	0	0	0	0	0	
16	0	0	0	0	2	0	0	0	0	0	0	1	0	1	0	0	0	0	0	0	0	0	0	0	0	0	0	0	0	0	0	0	0	0	0	0	0	0	0	0	0	0	0	0	0	0	0	0	1	0	0	0	0	1	0	0	1	0	0	1	0	0	0	0	0	0	0	0	0	0	0	0	0	0	0	
17	0	0	0	0	2	0	0	0	0	0	0	1	0	1	0	0	0	0	0	0	0	0	0	0	0	0	0	0	0	0	0	0	0	0	0	0	0	0	0	0	0	0	0	0	0	0	0	0	1	0	0	0	0	1	0	0	1	0	0	1	0	0	0	0	0	0	0	0	0	0	0	0	0	0	0	
18	0	0	0	0	2	0	0	0	0	0	0	1	0	1	0	0	0	0	0	0	0	0	0	0	0	0	0	0	0	0	0	0	0	0	0	0	0	0	0	0	0	0	0	0	0	0	0	0	1	0	0	0	0	1	0	0	1	0	0	1	0	0	0	0	0	0	0	0	0	0	0	0	0	0	0	
19	0	0	0	0	2	0	0	0	0	0	0	1	0	1	0	0	0	0	0	0	0	0	0	0	0	0	0	0	0	0	0	0	0	0	0	0	0	0	0	0	0	0	0	0	0	0	0	0	1	0	0	0	0	1	0	0	1	0	0	1	0	0	0	0	0	0	0	0	0	0	0	0	0	0	0	
20	0	0	0	0	2	0	0	0	0	0	0	1	0	1	0	0	0	0	0	0	0	0	0	0	0	0	0	0	0	0	0	0	0	0	0	0	0	0	0	0	0	0	0	0	0	0	0	0	1	0	0	0	0	1	0	0	1	0	0	1	0	0	0	0	0	0	0	0	0	0	0	0	0	0	0	
21	0	0	0	0	2	0	0	0	0	0	0	1	0	1	0	0	0	0	0	0	0	0	0	0	0	0	0	0	0	0	0	0	0	0	0	0	0	0	0	0	0	0	0	0	0	0	0	0	1	0	0	0	0	1	0	0	1	0	0	1	0	0	0	0	0	0	0	0	0	0	0	0	0	0	0	
22	0	0	0	0	2	0	0	0	0	0	0	1	0	1	0	0	0	0	0	0	0	0	0	0	0	0	0	0	0	0	0	0	0	0	0	0	0	0	0	0	0	0	0	0	0	0	0	0	1	0	0	0	0	1	0	0	1	0	0	1	0	0	0	0	0	0	0	0	0	0	0	0	0	0	0	
23	0	0	0	0	2	0	0	0	0	0	0	1	0	1	0	0	0	0	0	0	0	0	0	0	0	0	0	0	0	0	0	0	0	0	0	0	0	0	0	0	0	0	0	0	0	0	0	0	1	0	0	0	0	1	0	0	1	0	0	1	0	0	0	0	0	0	0	0	0	0	0	0	0	0	0	
24	0	0	0	0	2	0	0	0	0	0	0	1	0	1	0	0	0	0	0	0	0	0	0	0	0	0	0	0	0	0	0	0	0	0	0	0	0	0	0	0	0	0	0	0	0	0	0	0	1	0	0	0	0	1	0	0	1	0	0	1	0	0	0	0	0	0	0	0	0	0	0	0	0	0	0	
25	0	0	0	0	2	0	0	0	0	0	0	1	0	1	0	0	0	0	0	0	0	0	0	0	0	0	0	0	0	0	0	0	0	0	0	0	0	0	0	0	0	0	0	0	0	0	0	0	1	0	0	0	0	1	0	0	1	0	0	1	0	0	0	0	0	0	0	0	0	0	0	0	0	0	0	
26	0	0	0	0	2	0	0	0	0	0	0	1	0	1	0	0	0	0	0	0	0	0	0	0	0	0	0	0	0	0	0	0	0	0	0	0	0	0	0	0	0	0	0	0	0	0	0	0	1	0	0	0	0	1	0	0	1	0	0	1	0	0	0	0	0	0	0	0	0	0	0	0	0	0	0	
27	0	0	0	0	2	0	0	0	0	0	0	1	0	1	0	0	0	0	0	0	0	0	0	0	0	0	0	0	0	0	0	0	0	0	0	0	0	0	0	0	0	0	0	0	0	0	0	0	1	0	0	0	0	1	0	0	1	0	0	1	0	0	0	0	0	0	0	0	0	0	0	0	0	0	0	
28	0	0	0	0	2	0	0	0	0	0	0	1	0	1	0	0	0	0	0	0	0	0	0	0	0	0	0	0	0	0	0	0	0	0	0	0	0	0	0	0	0	0	0	0	0	0	0	0	1	0	0	0	0	1	0	0	1	0	0	1	0	0	0	0	0	0	0	0	0	0	0	0	0	0	0	
29	0	0	0	0	2	0	0	0	0	0	0	1	0	1	0	0	0	0	0	0	0	0	0	0	0	0	0	0	0	0	0	0	0	0	0	0	0	0	0	0	0	0	0	0	0	0	0	0	1	0	0	0	0	1	0	0	1	0	0	1	0	0	0	0	0	0	0	0	0	0	0	0	0	0	0	
30	0	0	0	0	2	0	0	0	0	0	0	1	0	1	0	0	0	0	0	0	0	0	0	0	0	0	0	0	0	0	0	0	0	0	0	0	0	0	0	0	0	0	0	0	0	0	0	0	1	0	0	0	0	1	0	0	1	0	0	1	0	0	0	0	0	0	0	0	0	0	0	0	0	0	0	
31	0	0	0	0	0	0	0	0	0	0	0	0	0	0	0	0	0	0	0	0	0	0	0	0	0	0	0	0	0	0	0	0	0	0	0	0	0	0	0	0	0	0	0	0	0	0	0	0	0	0	0	0	0	0	0	0	0	0	0	0	0	0	0	0	0	0	0	0	0	0	0	0	0	0	0	
------ Int Nat            --
Ite	f0	f1	f2	f3	f4	f5	f6	f7	f8	f9	f10	f11	f12	f13	f14	f15	f16	f17	f18	f19	f20	f21	f22	f23	f24	f25	f26	f27	f28	f29	f30	f31	f32	f33	f34	f35	f36	f37	f38	f39	f40	f41	f42	f43	f44	f45	f46	f47	f48	f49	f50	f51	f52	f53	f54	f55	f56	f57	f58	f59	f60	f61	f62	f63	f64	f65	f66	f67	f68	f69	f70	f71	f72	f73	f74	
0	561	504	619	474	567	499	704	640	685	705	626	718	713	569	620	581	624	601	746	726	605	699	659	653	732	640	747	645	685	667	674	599	682	681	588	581	630	687	617	723	677	608	647	701	749	568	604	678	572	667	704	685	729	747	620	542	628	633	696	694	648	619	583	691	634	681	573	746	661	540	631	585	570	677	542	
1	121	56	250	78	111	66	119	189	185	286	159	237	396	265	118	166	167	146	413	295	201	473	332	360	613	378	357	118	472	349	366	178	279	430	250	189	102	325	109	192	232	203	172	210	363	195	135	155	180	277	282	355	435	436	245	52	130	307	406	421	264	253	101	121	312	319	31	517	386	300	183	62	147	229	144	
2	0	0	26	1	3	0	0	2	2	3	14	9	59	32	0	2	0	0	155	26	8	102	28	14	330	104	60	0	114	9	9	3	27	56	3	0	0	50	0	1	20	0	5	0	40	2	0	4	11	8	5	76	173	60	9	0	1	10	63	69	15	5	0	0	13	15	0	228	44	1	7	0	0	5	1	
3	0	0	0	0	2	0	0	0	0	0	0	2	0	1	0	0	0	0	0	0	0	1	0	0	39	1	0	0	0	0	0	0	0	0	0	0	0	0	0	0	0	0	0	0	0	0	0	0	1	0	0	1	6	1	0	0	1	0	0	1	0	0	0	0	0	0	0	9	0	0	0	0	0	0	0	
4	0	0	0	0	2	0	0	0	0	0	0	1	0	1	0	0	0	0	0	0	0	0	0	0	2	0	0	0	0	0	0	0	0	0	0	0	0	0	0	0	0	0	0	0	0	0	0	0	1	0	0	0	0	1	0	0	1	0	0	1	0	0	0	0	0	0	0	0	0	0	0	0	0	0	0	
5	0	0	0	0	2	0	0	0	0	0	0	1	0	1	0	0	0	0	0	0	0	0	0	0	0	0	0	0	0	0	0	0	0	0	0	0	0	0	0	0	0	0	0	0	0	0	0	0	1	0	0	0	0	1	0	0	1	0	0	1	0	0	0	0	0	0	0	0	0	0	0	0	0	0	0	
6	0	0	0	0	2	0	0	0	0	0	0	1	0	1	0	0	0	0	0	0	0	0	0	0	0	0	0	0	0	0	0	0	0	0	0	0	0	0	0	0	0	0	0	0	0	0	0	0	1	0	0	0	0	1	0	0	1	0	0	1	0	0	0	0	0	0	0	0	0	0	0	0	0	0	0	
7	0	0	0	0	2	0	0	0	0	0	0	1	0	1	0	0	0	0	0	0	0	0	0	0	0	0	0	0	0	0	0	0	0	0	0	0	0	0	0	0	0	0	0	0	0	0	0	0	1	0	0	0	0	1	0	0	1	0	0	1	0	0	0	0	0	0	0	0	0	0	0	0	0	0	0	
8	0	0	0	0	2	0	0	0	0	0	0	1	0	1	0	0	0	0	0	0	0	0	0	0	0	0	0	0	0	0	0	0	0	0	0	0	0	0	0	0	0	0	0	0	0	0	0	0	1	0	0	0	0	1	0	0	1	0	0	1	0	0	0	0	0	0	0	0	0	0	0	0	0	0	0	
9	0	0	0	0	2	0	0	0	0	0	0	1	0	1	0	0	0	0	0	0	0	0	0	0	0	0	0	0	0	0	0	0	0	0	0	0	0	0	0	0	0	0	0	0	0	0	0	0	1	0	0	0	0	1	0	0	1	0	0	1	0	0	0	0	0	0	0	0	0	0	0	0	0	0	0	
10	0	0	0	0	2	0	0	0	0	0	0	1	0	1	0	0	0	0	0	0	0	0	0	0	0	0	0	0	0	0	0	0	0	0	0	0	0	0	0	0	0	0	0	0	0	0	0	0	1	0	0	0	0	1	0	0	1	0	0	1	0	0	0	0	0	0	0	0	0	0	0	0	0	0	0	
11	0	0	0	0	2	0	0	0	0	0	0	1	0	1	0	0	0	0	0	0	0	0	0	0	0	0	0	0	0	0	0	0	0	0	0	0	0	0	0	0	0	0	0	0	0	0	0	0	1	0	0	0	0	1	0	0	1	0	0	1	0	0	0	0	0	0	0	0	0	0	0	0	0	0	0	
12	0	0	0	0	2	0	0	0	0	0	0	1	0	1	0	0	0	0	0	0	0	0	0	0	0	0	0	0	0	0	0	0	0	0	0	0	0	0	0	0	0	0	0	0	0	0	0	0	1	0	0	0	0	1	0	0	1	0	0	1	0	0	0	0	0	0	0	0	0	0	0	0	0	0	0	
13	0	0	0	0	2	0	0	0	0	0	0	1	0	1	0	0	0	0	0	0	0	0	0	0	0	0	0	0	0	0	0	0	0	0	0	0	0	0	0	0	0	0	0	0	0	0	0	0	1	0	0	0	0	1	0	0	1	0	0	1	0	0	0	0	0	0	0	0	0	0	0	0	0	0	0	
14	0	0	0	0	2	0	0	0	0	0	0	1	0	1	0	0	0	0	0	0	0	0	0	0	0	0	0	0	0	0	0	0	0	0	0	0	0	0	0	0	0	0	0	0	0	0	0	0	1	0	0	0	0	1	0	0	1	0	0	1	0	0	0	0	0	0	0	0	0	0	0	0	0	0	0	
15	0	0	0	0	2	0	0	0	0	0	0	1	0	1	0	0	0	0	0	0	0	0	0	0	0	0	0	0	0	0	0	0	0	0	0	0	0	0	0	0	0	0	0	0	0	0	0	0	1	0	0	0	0	1	0	0	1	0	0	1	0	0	0	0	0	0	0	0	0	0	0	0	0	0	0	
16	0	0	0	0	2	0	0	0	0	0	0	1	0	1	0	0	0	0	0	0	0	0	0	0	0	0	0	0	0	0	0	0	0	0	0	0	0	0	0	0	0	0	0	0	0	0	0	0	1	0	0	0	0	1	0	0	1	0	0	1	0	0	0	0	0	0	0	0	0	0	0	0	0	0	0	
17	0	0	0	0	2	0	0	0	0	0	0	1	0	1	0	0	0	0	0	0	0	0	0	0	0	0	0	0	0	0	0	0	0	0	0	0	0	0	0	0	0	0	0	0	0	0	0	0	1	0	0	0	0	1	0	0	1	0	0	1	0	0	0	0	0	0	0	0	0	0	0	0	0	0	0	
18	0	0	0	0	2	0	0	0	0	0	0	1	0	1	0	0	0	0	0	0	0	0	0	0	0	0	0	0	0	0	0	0	0	0	0	0	0	0	0	0	0	0	0	0	0	0	0	0	1	0	0	0	0	1	0	0	1	0	0	1	0	0	0	0	0	0	0	0	0	0	0	0	0	0	0	
19	0	0	0	0	2	0	0	0	0	0	0	1	0	1	0	0	0	0	0	0	0	0	0	0	0	0	0	0	0	0	0	0	0	0	0	0	0	0	0	0	0	0	0	0	0	0	0	0	1	0	0	0	0	1	0	0	1	0	0	1	0	0	0	0	0	0	0	0	0	0	0	0	0	0	0	
20	0	0	0	0	2	0	0	0	0	0	0	1	0	1	0	0	0	0	0	0	0	0	0	0	0	0	0	0	0	0	0	0	0	0	0	0	0	0	0	0	0	0	0	0	0	0	0	0	1	0	0	0	0	1	0	0	1	0	0	1	0	0	0	0	0	0	0	0	0	0	0	0	0	0	0	
21	0	0	0	0	2	0	0	0	0	0	0	1	0	1	0	0	0	0	0	0	0	0	0	0	0	0	0	0	0	0	0	0	0	0	0	0	0	0	0	0	0	0	0	0	0	0	0	0	1	0	0	0	0	1	0	0	1	0	0	1	0	0	0	0	0	0	0	0	0	0	0	0	0	0	0	
22	0	0	0	0	2	0	0	0	0	0	0	1	0	1	0	0	0	0	0	0	0	0	0	0	0	0	0	0	0	0	0	0	0	0	0	0	0	0	0	0	0	0	0	0	0	0	0	0	1	0	0	0	0	1	0	0	1	0	0	1	0	0	0	0	0	0	0	0	0	0	0	0	0	0	0	
23	0	0	0	0	2	0	0	0	0	0	0	1	0	1	0	0	0	0	0	0	0	0	0	0	0	0	0	0	0	0	0	0	0	0	0	0	0	0	0	0	0	0	0	0	0	0	0	0	1	0	0	0	0	1	0	0	1	0	0	1	0	0	0	0	0	0	0	0	0	0	0	0	0	0	0	
24	0	0	0	0	2	0	0	0	0	0	0	1	0	1	0	0	0	0	0	0	0	0	0	0	0	0	0	0	0	0	0	0	0	0	0	0	0	0	0	0	0	0	0	0	0	0	0	0	1	0	0	0	0	1	0	0	1	0	0	1	0	0	0	0	0	0	0	0	0	0	0	0	0	0	0	
25	0	0	0	0	2	0	0	0	0	0	0	1	0	1	0	0	0	0	0	0	0	0	0	0	0	0	0	0	0	0	0	0	0	0	0	0	0	0	0	0	0	0	0	0	0	0	0	0	1	0	0	0	0	1	0	0	1	0	0	1	0	0	0	0	0	0	0	0	0	0	0	0	0	0	0	
26	0	0	0	0	2	0	0	0	0	0	0	1	0	1	0	0	0	0	0	0	0	0	0	0	0	0	0	0	0	0	0	0	0	0	0	0	0	0	0	0	0	0	0	0	0	0	0	0	1	0	0	0	0	1	0	0	1	0	0	1	0	0	0	0	0	0	0	0	0	0	0	0	0	0	0	
27	0	0	0	0	2	0	0	0	0	0	0	1	0	1	0	0	0	0	0	0	0	0	0	0	0	0	0	0	0	0	0	0	0	0	0	0	0	0	0	0	0	0	0	0	0	0	0	0	1	0	0	0	0	1	0	0	1	0	0	1	0	0	0	0	0	0	0	0	0	0	0	0	0	0	0	
28	0	0	0	0	2	0	0	0	0	0	0	1	0	1	0	0	0	0	0	0	0	0	0	0	0	0	0	0	0	0	0	0	0	0	0	0	0	0	0	0	0	0	0	0	0	0	0	0	1	0	0	0	0	1	0	0	1	0	0	1	0	0	0	0	0	0	0	0	0	0	0	0	0	0	0	
29	0	0	0	0	2	0	0	0	0	0	0	1	0	1	0	0	0	0	0	0	0	0	0	0	0	0	0	0	0	0	0	0	0	0	0	0	0	0	0	0	0	0	0	0	0	0	0	0	1	0	0	0	0	1	0	0	1	0	0	1	0	0	0	0	0	0	0	0	0	0	0	0	0	0	0	
30	0	0	0	0	2	0	0	0	0	0	0	1	0	1	0	0	0	0	0	0	0	0	0	0	0	0	0	0	0	0	0	0	0	0	0	0	0	0	0	0	0	0	0	0	0	0	0	0	1	0	0	0	0	1	0	0	1	0	0	1	0	0	0	0	0	0	0	0	0	0	0	0	0	0	0	
------ Errors             --
Ite	f0	f1	f2	f3	f4	f5	f6	f7	f8	f9	f10	f11	f12	f13	f14	f15	f16	f17	f18	f19	f20	f21	f22	f23	f24	f25	f26	f27	f28	f29	f30	f31	f32	f33	f34	f35	f36	f37	f38	f39	f40	f41	f42	f43	f44	f45	f46	f47	f48	f49	f50	f51	f52	f53	f54	f55	f56	f57	f58	f59	f60	f61	f62	f63	f64	f65	f66	f67	f68	f69	f70	f71	f72	f73	f74	
0	97	63	138	79	116	66	107	132	118	137	133	151	157	112	101	102	115	109	213	141	131	199	190	189	254	164	210	120	176	168	145	138	175	194	119	107	100	144	131	157	175	129	165	145	206	121	88	99	124	163	172	185	177	217	155	60	135	146	153	165	168	154	125	124	144	165	52	185	164	140	142	63	125	152	101	
1	0	0	30	0	0	0	0	11	9	19	11	14	49	16	3	4	2	0	82	32	15	100	42	21	152	61	39	0	78	4	17	8	34	43	15	0	0	34	0	5	26	1	24	5	37	12	1	4	12	24	8	44	78	53	17	0	9	18	36	57	20	19	0	0	13	23	0	91	44	9	4	0	0	21	3	
2	0	0	0	0	0	0	0	0	0	0	0	0	0	0	0	0	0	0	2	0	0	1	1	0	24	5	0	0	0	0	0	0	0	0	0	0	0	0	0	0	0	0	0	0	0	0	0	0	0	0	0	2	15	3	0	0	0	0	0	0	0	0	0	0	0	0	0	10	0	0	0	0	0	0	0	
3	0	0	0	0	0	0	0	0	0	0	0	0	0	0	0	0	0	0	0	0	0	0	0	0	0	0	0	0	0	0	0	0	0	0	0	0	0	0	0	0	0	0	0	0	0	0	0	0	0	0	0	0	0	0	0	0	0	0	0	0	0	0	0	0	0	0	0	0	0	0	0	0	0	0	0	
4	0	0	0	0	0	0	0	0	0	0	0	0	0	0	0	0	0	0	0	0	0	0	0	0	0	0	0	0	0	0	0	0	0	0	0	0	0	0	0	0	0	0	0	0	0	0	0	0	0	0	0	0	0	0	0	0	0	0	0	0	0	0	0	0	0	0	0	0	0	0	0	0	0	0	0	
5	0	0	0	0	0	0	0	0	0	0	0	0	0	0	0	0	0	0	0	0	0	0	0	0	0	0	0	0	0	0	0	0	0	0	0	0	0	0	0	0	0	0	0	0	0	0	0	0	0	0	0	0	0	0	0	0	0	0	0	0	0	0	0	0	0	0	0	0	0	0	0	0	0	0	0	
6	0	0	0	0	0	0	0	0	0	0	0	0	0	0	0	0	0	0	0	0	0	0	0	0	0	0	0	0	0	0	0	0	0	0	0	0	0	0	0	0	0	0	0	0	0	0	0	0	0	0	0	0	0	0	0	0	0	0	0	0	0	0	0	0	0	0	0	0	0	0	0	0	0	0	0	
7	0	0	0	0	0	0	0	0	0	0	0	0	0	0	0	0	0	0	0	0	0	0	0	0	0	0	0	0	0	0	0	0	0	0	0	0	0	0	0	0	0	0	0	0	0	0	0	0	0	0	0	0	0	0	0	0	0	0	0	0	0	0	0	0	0	0	0	0	0	0	0	0	0	0	0	
8	0	0	0	0	0	0	0	0	0	0	0	0	0	0	0	0	0	0	0	0	0	0	0	0	0	0	0	0	0	0	0	0	0	0	0	0	0	0	0	0	0	0	0	0	0	0	0	0	0	0	0	0	0	0	0	0	0	0	0	0	0	0	0	0	0	0	0	0	0	0	0	0	0	0	0	
9	0	0	0	0	0	0	0	0	0	0	0	0	0	0	0	0	0	0	0	0	0	0	0	0	0	0	0	0	0	0	0	0	0	0	0	0	0	0	0	0	0	0	0	0	0	0	0	0	0	0	0	0	0	0	0	0	0	0	0	0	0	0	0	0	0	0	0	0	0	0	0	0	0	0	0	
10	0	0	0	0	0	0	0	0	0	0	0	0	0	0	0	0	0	0	0	0	0	0	0	0	0	0	0	0	0	0	0	0	0	0	0	0	0	0	0	0	0	0	0	0	0	0	0	0	0	0	0	0	0	0	0	0	0	0	0	0	0	0	0	0	0	0	0	0	0	0	0	0	0	0	0	
11	0	0	0	0	0	0	0	0	0	0	0	0	0	0	0	0	0	0	0	0	0	0	0	0	0	0	0	0	0	0	0	0	0	0	0	0	0	0	0	0	0	0	0	0	0	0	0	0	0	0	0	0	0	0	0	0	0	0	0	0	0	0	0	0	0	0	0	0	0	0	0	0	0	0	0	
12	0	0	0	0	0	0	0	0	0	0	0	0	0	0	0	0	0	0	0	0	0	0	0	0	0	0	0	0	0	0	0	0	0	0	0	0	0	0	0	0	0	0	0	0	0	0	0	0	0	0	0	0	0	0	0	0	0	0	0	0	0	0	0	0	0	0	0	0	0	0	0	0	0	0	0	
13	0	0	0	0	0	0	0	0	0	0	0	0	0	0	0	0	0	0	0	0	0	0	0	0	0	0	0	0	0	0	0	0	0	0	0	0	0	0	0	0	0	0	0	0	0	0	0	0	0	0	0	0	0	0	0	0	0	0	0	0	0	0	0	0	0	0	0	0	0	0	0	0	0	0	0	
14	0	0	0	0	0	0	0	0	0	0	0	0	0	0	0	0	0	0	0	0	0	0	0	0	0	0	0	0	0	0	0	0	0	0	0	0	0	0	0	0	0	0	0	0	0	0	0	0	0	0	0	0	0	0	0	0	0	0	0	0	0	0	0	0	0	0	0	0	0	0	0	0	0	0	0	
15	0	0	0	0	0	0	0	0	0	0	0	0	0	0	0	0	0	0	0	0	0	0	0	0	0	0	0	0	0	0	0	0	0	0	0	0	0	0	0	0	0	0	0	0	0	0	0	0	0	0	0	0	0	0	0	0	0	0	0	0	0	0	0	0	0	0	0	0	0	0	0	0	0	0	0	
16	0	0	0	0	0	0	0	0	0	0	0	0	0	0	0	0	0	0	0	0	0	0	0	0	0	0	0	0	0	0	0	0	0	0	0	0	0	0	0	0	0	0	0	0	0	0	0	0	0	0	0	0	0	0	0	0	0	0	0	0	0	0	0	0	0	0	0	0	0	0	0	0	0	0	0	
17	0	0	0	0	0	0	0	0	0	0	0	0	0	0	0	0	0	0	0	0	0	0	0	0	0	0	0	0	0	0	0	0	0	0	0	0	0	0	0	0	0	0	0	0	0	0	0	0	0	0	0	0	0	0	0	0	0	0	0	0	0	0	0	0	0	0	0	0	0	0	0	0	0	0	0	
18	0	0	0	0	0	0	0	0	0	0	0	0	0	0	0	0	0	0	0	0	0	0	0	0	0	0	0	0	0	0	0	0	0	0	0	0	0	0	0	0	0	0	0	0	0	0	0	0	0	0	0	0	0	0	0	0	0	0	0	0	0	0	0	0	0	0	0	0	0	0	0	0	0	0	0	
19	0	0	0	0	0	0	0	0	0	0	0	0	0	0	0	0	0	0	0	0	0	0	0	0	0	0	0	0	0	0	0	0	0	0	0	0	0	0	0	0	0	0	0	0	0	0	0	0	0	0	0	0	0	0	0	0	0	0	0	0	0	0	0	0	0	0	0	0	0	0	0	0	0	0	0	
20	0	0	0	0	0	0	0	0	0	0	0	0	0	0	0	0	0	0	0	0	0	0	0	0	0	0	0	0	0	0	0	0	0	0	0	0	0	0	0	0	0	0	0	0	0	0	0	0	0	0	0	0	0	0	0	0	0	0	0	0	0	0	0	0	0	0	0	0	0	0	0	0	0	0	0	
21	0	0	0	0	0	0	0	0	0	0	0	0	0	0	0	0	0	0	0	0	0	0	0	0	0	0	0	0	0	0	0	0	0	0	0	0	0	0	0	0	0	0	0	0	0	0	0	0	0	0	0	0	0	0	0	0	0	0	0	0	0	0	0	0	0	0	0	0	0	0	0	0	0	0	0	
22	0	0	0	0	0	0	0	0	0	0	0	0	0	0	0	0	0	0	0	0	0	0	0	0	0	0	0	0	0	0	0	0	0	0	0	0	0	0	0	0	0	0	0	0	0	0	0	0	0	0	0	0	0	0	0	0	0	0	0	0	0	0	0	0	0	0	0	0	0	0	0	0	0	0	0	
23	0	0	0	0	0	0	0	0	0	0	0	0	0	0	0	0	0	0	0	0	0	0	0	0	0	0	0	0	0	0	0	0	0	0	0	0	0	0	0	0	0	0	0	0	0	0	0	0	0	0	0	0	0	0	0	0	0	0	0	0	0	0	0	0	0	0	0	0	0	0	0	0	0	0	0	
24	0	0	0	0	0	0	0	0	0	0	0	0	0	0	0	0	0	0	0	0	0	0	0	0	0	0	0	0	0	0	0	0	0	0	0	0	0	0	0	0	0	0	0	0	0	0	0	0	0	0	0	0	0	0	0	0	0	0	0	0	0	0	0	0	0	0	0	0	0	0	0	0	0	0	0	
25	0	0	0	0	0	0	0	0	0	0	0	0	0	0	0	0	0	0	0	0	0	0	0	0	0	0	0	0	0	0	0	0	0	0	0	0	0	0	0	0	0	0	0	0	0	0	0	0	0	0	0	0	0	0	0	0	0	0	0	0	0	0	0	0	0	0	0	0	0	0	0	0	0	0	0	
26	0	0	0	0	0	0	0	0	0	0	0	0	0	0	0	0	0	0	0	0	0	0	0	0	0	0	0	0	0	0	0	0	0	0	0	0	0	0	0	0	0	0	0	0	0	0	0	0	0	0	0	0	0	0	0	0	0	0	0	0	0	0	0	0	0	0	0	0	0	0	0	0	0	0	0	
27	0	0	0	0	0	0	0	0	0	0	0	0	0	0	0	0	0	0	0	0	0	0	0	0	0	0	0	0	0	0	0	0	0	0	0	0	0	0	0	0	0	0	0	0	0	0	0	0	0	0	0	0	0	0	0	0	0	0	0	0	0	0	0	0	0	0	0	0	0	0	0	0	0	0	0	
28	0	0	0	0	0	0	0	0	0	0	0	0	0	0	0	0	0	0	0	0	0	0	0	0	0	0	0	0	0	0	0	0	0	0	0	0	0	0	0	0	0	0	0	0	0	0	0	0	0	0	0	0	0	0	0	0	0	0	0	0	0	0	0	0	0	0	0	0	0	0	0	0	0	0	0	
29	0	0	0	0	0	0	0	0	0	0	0	0	0	0	0	0	0	0	0	0	0	0	0	0	0	0	0	0	0	0	0	0	0	0	0	0	0	0	0	0	0	0	0	0	0	0	0	0	0	0	0	0	0	0	0	0	0	0	0	0	0	0	0	0	0	0	0	0	0	0	0	0	0	0	0	
30	0	0	0	0	0	0	0	0	0	0	0	0	0	0	0	0	0	0	0	0	0	0	0	0	0	0	0	0	0	0	0	0	0	0	0	0	0	0	0	0	0	0	0	0	0	0	0	0	0	0	0	0	0	0	0	0	0	0	0	0	0	0	0	0	0	0	0	0	0	0	0	0	0	0	0	
31	0	0	0	0	0	0	0	0	0	0	0	0	0	0	0	0	0	0	0	0	0	0	0	0	0	0	0	0	0	0	0	0	0	0	0	0	0	0	0	0	0	0	0	0	0	0	0	0	0	0	0	0	0	0	0	0	0	0	0	0	0	0	0	0	0	0	0	0	0	0	0	0	0	0	0	
----------------------------
-- Means                  --
X	EB	CB	AB	CF
NN	11.9082	3.13039	3.49698	0.392504
II	11.9476	3.01866	3.39156	0.233221
NI	15.6543	4.11812	4.59992	0.31201
IN	16.1009	4.38952	4.87863	0.516413
D	11.1392	1.34014	1.74939	0.0924365
----------------------------
-- Distributions          --
Stopped Simulation...
R	NNC	IIC	NIC	INC	NNE	IIE	NIE	INE	DC	DE
0	0.476442	0.557324	0.477197	0.376913	0.00106129	0.00124066	0.000298954	0.000134529	0.733505	0.00104634
1	0.188856	0.129783	0.176741	0.241577	0.000859492	0.000762332	0.000298954	0.000396114	0.0554858	0.00153214
2	0.0603288	0.0395815	0.0315022	0.0620329	0.00110613	0.00124066	0.000313901	0.000254111	0.0454111	0.000852018
3	0.00632287	0.0036846	0.0082287	0.0117638	0.000470852	0.000261584	0.000149477	0.000209268	0.0021151	0.00130792
4	0.0166143	0.0179372	0.00699552	0.00704036	0.00100149	0.00120329	0.000171898	0.00019432	0.0246413	0.000919282
5	0.00452167	0.00384155	0.00785501	0.00730194	0.000627803	0.000627803	0.000149477	0.000149477	0.00263827	0.0016293
6	0.0157399	0.016704	0.00844544	0.00809417	0.00157698	0.00133782	0.00029148	0.000276532	0.018154	0.00132287
7	0.0061136	0.0054559	0.00970852	0.00946936	0.00101644	0.000971599	0.00038864	0.000321375	0.00346039	0.00175635
8	0.0164051	0.0171001	0.011577	0.0102317	0.00200299	0.00190583	0.000568012	0.000530643	0.013565	0.00155456
9	0.00910314	0.00864723	0.0122646	0.0113976	0.0013154	0.00140508	0.000889387	0.000747384	0.00384903	0.00233184
10	0.0178774	0.0191106	0.0138565	0.013012	0.00278774	0.00262332	0.00127055	0.00108371	0.0107848	0.00258595
11	0.0130792	0.012855	0.015852	0.0148206	0.00223468	0.00261584	0.00176383	0.00164425	0.00475336	0.00263827
12	0.0207025	0.0210164	0.0178027	0.0169357	0.00407324	0.00376682	0.00248879	0.00223468	0.00923019	0.00325112
13	0.0173169	0.0173169	0.0196487	0.0182436	0.00343797	0.00330344	0.00307922	0.00264574	0.00549327	0.00323617
14	0.0212631	0.0216442	0.0203064	0.0197235	0.00443199	0.00416293	0.00372945	0.00340807	0.00724215	0.00369208
15	0.0178102	0.0174514	0.0200897	0.0202167	0.0031988	0.00332586	0.00403587	0.00381166	0.00502242	0.00296712
16	0.0165321	0.0166218	0.0199701	0.0193124	0.0035725	0.00384155	0.00411061	0.00387145	0.00467862	0.00304185
17	0.0125934	0.0116368	0.017145	0.0186921	0.00250374	0.002429	0.00391629	0.00411061	0.00310164	0.00218984
18	0.00923767	0.00949178	0.0151271	0.0161883	0.00205531	0.00218984	0.00324365	0.00374439	0.00231689	0.0017414
19	0.00576981	0.00532138	0.0119208	0.0131166	0.00102392	0.00118087	0.00269806	0.00298954	0.00139013	0.00100149
20	0.00302691	0.00332586	0.00961883	0.0101943	0.000852018	0.000769806	0.0022272	0.00232436	0.000822123	0.000635276
21	0.00157698	0.0013154	0.00681614	0.00836323	0.000328849	0.000358744	0.00165172	0.00181614	0.000426009	0.000313901
22	0.00064275	0.000717489	0.00544096	0.00639013	0.000134529	0.000134529	0.00108371	0.00150972	0.000112108	0.000142003
23	0.000276532	0.00019432	0.0035426	0.00453662	4.4843e-05	6.72646e-05	0.000956652	0.000956652	3.73692e-05	6.72646e-05
24	5.97907e-05	0.000104634	0.00265321	0.00313154	2.98954e-05	2.98954e-05	0.000590433	0.000612855	0	7.47384e-06
25	1.49477e-05	4.4843e-05	0.00218984	0.00226457	1.49477e-05	7.47384e-06	0.000440957	0.000433483	0	0
26	7.47384e-06	0	0.00138266	0.00183109	0	0	0.000224215	0.000381166	0	0
27	0	0	0.00126308	0.00137519	0	0	0.000164425	0.000231689	0	0
28	0	7.47384e-06	0.00112855	0.00127055	0	0	0.000164425	0.000201794	0	0
29	0	0	0.000807175	0.000904335	0	0	0.000134529	0.000164425	0	0
30	0	0	0.00068012	0.000784753	0	0	0.000179372	0.000171898	0	0
31	0	0	0.000478326	0.000672646	0	0	8.96861e-05	0.000134529	0	0
----------------------
# End of the simulation.
