Ite	f0	f1	f2	f3	f4	f5	f6	f7	f8	f9	f10	f11	f12	f13	f14	f15	f16	f17	f18	f19	f20	f21	f22	f23	f24	f25	f26	f27	f28	f29	f30	f31	f32	f33	f34	f35	f36	f37	f38	f39	f40	f41	f42	f43	f44	f45	f46	f47	f48	f49	f50	f51	f52	f53	f54	f55	f56	f57	f58	f59	f60	f61	f62	f63	f64	f65	f66	f67	f68	f69	f70	f71	f72	f73	f74	
0	532	467	407	586	471	668	446	488	616	424	576	648	598	544	603	504	602	456	563	392	602	598	587	443	667	464	510	453	441	621	519	603	643	642	458	656	454	597	513	568	459	453	398	531	491	524	544	525	477	554	457	646	493	433	508	576	410	467	574	594	445	589	436	568	549	509	596	457	538	518	463	574	572	585	666	
1	188	170	102	207	138	698	141	213	627	56	446	590	534	389	573	236	505	108	466	57	575	609	295	146	657	193	154	259	74	590	193	565	540	627	99	581	129	370	228	395	183	215	127	211	205	317	293	243	230	236	115	582	261	147	156	408	70	106	320	607	170	543	126	607	310	240	577	120	265	270	260	607	535	254	556	
2	26	21	5	17	5	695	2	1	641	7	475	556	545	188	613	13	582	0	504	3	621	627	115	2	650	1	19	19	0	633	38	558	573	653	2	616	8	247	25	194	17	10	7	40	28	114	76	120	51	9	1	544	52	10	2	122	1	13	66	674	15	546	11	640	41	32	586	6	36	29	27	608	536	17	587	
3	8	3	2	1	0	682	0	0	666	3	508	581	591	29	634	1	524	0	556	2	586	644	4	0	603	2	2	1	0	705	0	569	619	593	0	589	0	44	1	42	0	1	1	2	35	1	4	0	2	1	0	626	1	10	1	25	0	0	8	617	0	557	0	562	0	11	584	0	0	1	1	623	617	0	569	
4	5	0	1	3	0	678	0	0	606	1	591	562	554	15	586	0	536	0	575	1	583	556	3	0	546	0	1	0	0	629	0	477	611	605	1	651	0	0	1	1	0	0	0	1	27	0	0	8	1	1	0	644	0	6	0	16	0	0	5	646	1	486	0	572	0	1	525	0	0	0	1	592	574	0	591	
5	1	0	1	3	0	670	0	0	622	0	520	535	492	15	557	0	565	0	646	0	524	591	3	0	570	0	0	1	0	612	0	527	582	696	0	599	0	0	0	1	0	0	2	0	6	0	0	6	1	0	1	597	0	4	0	27	0	0	5	659	0	452	0	578	0	2	620	0	0	4	1	561	546	0	561	
6	1	1	2	3	0	697	0	0	612	0	571	523	497	9	628	1	538	0	522	0	570	603	3	0	587	0	1	0	0	695	0	561	578	716	0	613	0	0	0	3	0	0	1	0	15	0	0	4	0	0	0	573	0	6	0	13	0	0	5	607	0	463	0	550	0	1	555	0	0	0	0	562	541	0	547	
7	0	0	1	1	0	684	0	1	589	0	538	473	491	7	613	0	480	0	510	0	633	612	2	0	517	0	0	0	0	655	0	468	608	728	0	608	0	0	0	2	0	0	1	0	12	0	0	5	0	0	0	601	0	0	0	7	0	0	5	575	0	525	0	585	0	0	513	0	0	3	0	573	598	0	564	
8	0	0	0	0	0	665	0	0	608	1	526	483	552	6	592	0	486	0	565	0	598	613	3	0	532	0	1	0	0	622	0	492	544	687	0	592	0	0	0	2	0	0	1	0	21	0	0	1	0	0	0	563	0	7	0	4	0	0	4	595	0	529	0	570	0	0	585	0	0	1	0	513	556	0	513	
9	0	0	0	0	0	651	0	0	656	0	525	548	563	4	603	0	512	0	590	0	578	613	3	0	569	0	0	0	0	601	0	530	554	614	0	576	0	0	0	1	0	0	0	0	5	0	0	4	0	0	0	541	0	4	0	2	0	0	4	570	1	601	0	542	0	0	654	0	0	0	0	491	518	0	548	
10	0	0	0	0	0	670	0	0	603	0	581	607	559	3	644	0	530	0	534	0	597	646	3	0	605	0	0	0	0	583	0	515	573	646	0	552	0	0	0	0	0	0	1	0	12	0	0	4	0	0	0	551	0	2	0	0	0	0	3	598	0	528	0	651	0	0	687	0	0	0	0	442	569	0	547	
11	0	0	0	0	0	678	0	0	603	0	634	511	498	6	612	0	523	0	597	0	565	573	3	0	638	0	0	0	0	596	0	509	564	664	0	512	0	0	0	0	0	0	0	0	13	0	0	3	1	0	0	576	0	2	0	0	0	0	3	656	0	513	0	617	0	0	584	0	0	0	0	500	542	0	583	
12	0	0	0	0	0	667	0	0	568	0	565	534	442	7	633	0	533	0	586	0	567	545	2	0	643	0	0	0	0	568	0	550	602	584	0	498	0	0	0	0	0	0	0	0	5	0	0	3	0	0	0	613	0	2	0	0	0	0	3	607	0	587	0	550	0	0	607	0	0	0	0	593	528	0	633	
13	0	0	0	0	0	636	0	0	560	0	480	559	557	5	578	0	553	0	528	0	514	592	2	0	627	0	0	0	0	565	0	560	567	629	0	553	0	0	0	0	0	0	0	0	11	0	0	1	1	0	0	625	0	6	0	0	0	0	3	534	0	579	0	614	0	0	677	0	0	0	0	573	424	0	648	
14	0	0	0	0	0	620	0	0	651	0	522	597	645	4	634	0	520	0	609	0	540	607	1	0	608	0	0	0	0	625	0	561	568	617	0	503	0	0	0	0	0	0	0	0	26	0	0	2	1	0	0	566	0	1	0	0	0	0	3	548	0	629	0	639	0	0	648	0	0	0	0	551	404	0	605	
15	0	0	0	0	0	649	0	0	639	0	659	542	604	3	654	0	517	0	638	0	653	559	1	0	574	0	0	0	0	568	0	529	559	626	0	503	0	0	0	0	0	0	0	0	32	0	0	1	1	0	0	579	0	2	0	0	0	0	1	589	0	609	0	616	0	0	586	0	0	0	0	602	480	0	519	
16	0	0	0	0	0	626	0	0	634	0	621	524	531	5	617	0	551	0	565	0	639	559	1	0	530	0	0	0	0	596	0	560	631	668	0	497	0	0	0	0	0	0	0	0	6	0	0	3	1	0	0	530	0	4	0	0	0	0	1	615	0	602	0	550	0	0	574	0	0	0	0	581	450	0	473	
17	0	0	1	0	0	679	0	0	583	0	535	587	513	6	590	0	610	0	570	0	636	507	1	0	579	0	0	0	0	631	0	567	586	685	0	449	0	0	0	0	0	0	0	0	13	0	0	2	0	0	0	569	0	3	0	0	0	0	1	581	0	634	0	615	0	0	493	0	0	0	0	502	476	0	469	
18	0	0	1	0	0	729	0	0	620	0	583	578	540	9	636	0	614	0	588	0	665	475	0	0	608	0	0	0	0	664	0	619	601	688	0	472	0	0	0	0	0	0	0	0	14	0	0	2	0	0	0	597	0	0	0	0	0	0	0	574	0	639	0	602	0	0	616	0	0	0	0	518	501	0	470	
19	0	0	1	0	0	662	0	0	623	0	510	595	579	9	675	0	544	0	593	0	595	491	0	0	559	0	0	0	0	592	0	590	581	657	0	545	0	0	0	0	0	0	0	0	18	0	0	2	0	0	0	575	0	4	0	0	0	0	0	609	0	581	0	591	0	0	643	0	0	0	0	523	515	0	603	
20	0	0	1	0	0	570	0	0	648	0	558	565	618	4	640	0	522	0	602	0	613	595	0	0	580	0	0	0	0	627	0	571	555	717	0	558	0	0	0	0	0	0	0	0	10	0	0	1	0	0	0	611	0	2	0	0	0	0	0	638	0	547	0	622	0	0	571	0	0	0	0	534	446	0	485	
21	0	0	1	0	0	528	0	0	679	0	581	514	614	7	549	0	523	0	544	0	673	607	0	0	555	0	0	0	0	668	0	506	654	695	0	584	0	0	0	0	0	0	0	0	24	0	0	3	0	0	0	572	0	1	0	0	0	0	0	575	0	546	0	578	0	0	637	0	0	0	0	500	412	0	468	
22	0	0	1	0	0	586	0	0	644	0	555	446	563	5	649	0	552	0	576	0	665	530	0	0	599	0	0	0	0	653	0	565	598	687	0	598	0	0	0	0	0	0	0	0	45	0	0	1	0	0	0	579	0	2	0	0	0	0	0	554	0	529	0	538	0	0	619	0	0	0	0	538	425	0	497	
23	0	0	1	0	0	597	0	0	666	0	559	463	592	5	607	0	554	0	559	0	683	536	0	0	553	0	0	0	0	593	0	602	669	712	0	511	0	0	0	0	0	0	0	0	25	0	0	2	0	0	0	601	0	4	0	0	0	0	0	562	0	537	0	517	0	0	712	0	0	0	0	524	513	0	480	
24	0	0	1	0	0	589	0	0	724	0	570	487	558	7	621	0	562	0	581	0	633	552	0	0	590	0	0	0	0	625	0	535	621	646	0	504	0	0	0	0	0	0	0	0	7	0	0	2	0	0	0	579	0	2	0	0	0	0	0	649	0	602	0	576	0	0	652	0	0	0	0	519	516	0	526	
25	0	0	1	0	0	630	0	0	621	0	597	465	601	8	620	0	564	0	584	0	673	602	0	0	634	0	0	0	0	658	0	585	573	701	0	513	0	0	0	0	0	0	0	0	26	0	0	0	0	0	0	587	0	3	0	0	0	0	0	634	0	551	0	556	0	0	491	0	0	0	0	594	498	0	523	
26	0	0	1	0	0	640	0	0	630	0	546	476	589	11	542	0	487	0	533	0	653	509	0	0	649	0	0	0	0	699	0	601	621	634	0	524	0	0	0	0	0	0	0	0	33	0	0	0	0	0	0	580	0	4	0	0	0	0	0	704	0	583	0	528	0	0	542	0	0	0	0	505	423	0	574	
27	0	0	1	0	0	621	0	0	554	0	535	557	508	6	528	0	487	0	564	0	633	544	0	0	558	0	0	0	0	666	0	572	606	625	0	507	0	0	0	0	0	0	0	0	6	0	0	1	0	0	0	588	0	0	0	0	0	0	0	580	0	551	0	482	0	0	543	0	0	0	0	529	376	0	537	
28	0	0	1	0	0	692	0	0	578	0	494	584	477	8	534	0	470	0	551	0	621	560	0	0	537	0	0	0	0	664	0	609	675	670	0	447	0	0	0	0	0	0	0	0	16	0	0	1	0	0	0	540	0	2	0	0	0	0	0	599	0	485	0	489	0	0	586	0	0	0	0	598	339	0	565	
29	0	0	1	0	0	662	0	0	645	0	481	606	479	5	482	0	504	0	514	0	628	507	0	0	653	0	0	0	0	651	0	501	644	612	0	463	0	0	0	0	0	0	0	0	32	0	0	0	0	0	0	613	0	3	0	0	0	0	0	726	0	412	0	500	0	0	543	0	0	0	0	547	294	0	482	
30	0	0	1	0	0	634	0	0	618	0	572	630	464	7	527	0	505	0	565	0	542	442	0	0	672	0	0	0	0	621	0	597	655	608	0	448	0	0	0	0	0	0	0	0	37	0	0	1	0	0	0	642	0	2	0	0	0	0	0	672	0	472	0	487	0	0	509	0	0	0	0	542	194	0	469	
