%BER et FER shifted by 0.1 (obtained with affect)
SNR	BSF	FSF	BER	FER
0.1	1.1e-01	8.8e-01	1.1e-01	8.7e-01
0.2	8.6e-02	7.6e-01	8.8e-02	7.3e-01
0.3	6.1e-02	5.8e-01	5.5e-02	5.7e-01
0.4	3.6e-02	4.1e-01	3.7e-02	4.1e-01
0.5	1.9e-02	2.4e-01	2.3e-02	2.7e-01
0.6	1.1e-02	1.5e-01	9.8e-03	1.5e-01
0.7	4.2e-03	8.0e-02	4.8e-03	7.9e-02
0.8	1.6e-03	3.0e-02	2.0e-03	3.0e-02
0.9	5.9e-04	1.1e-02	7.5e-04	1.1e-02
1.0	1.3e-04	3.5e-03	1.8e-04	3.5e-03
1.1	3.5e-05	9.4e-04	4.3e-05	1.0e-03
1.2	8.3e-06	2.3e-04	6.2e-06	2.1e-04
1.3	1.3e-06	4.0e-05	1.5e-06	4.1e-05
1.4	2.0e-07 1.1e-05	1.5e-7	6.2e-6 
1.5	3.7e-08 3.9e-06 3.5e-8	1.2e-6
1.6	1.0e-8	2.2e-06 3.8e-9	3.2e-7
1.7	5.6e-9	1.4e-6	1.9e-9	1.6e-7
1.8 3.6e-9	9.6e-7
1.9 1.9e-9	5.7e-7
















