SNR 	BSF 	FSF	BER	FER
0.0 	1.3e-1 	9.8e-1	1.3e-1 	9.8e-1
0.1 	1.0e-1 	8.9e-1	1.0e-1 	8.9e-1
0.2 	6.5e-2 	8.0e-1	6.5e-2 	8.0e-1
0.3 	4.3e-2 	5.9e-1	4.3e-2 	5.9e-1
0.4 	2.0e-2 	3.9e-1	2.0e-2 	3.9e-1
0.5 	7.1e-3 	1.6e-1	7.1e-3 	1.6e-1
0.6 	2.2e-3 	5.9e-2	2.2e-3 	5.9e-2
0.7 	3.9e-4 	1.3e-2	3.9e-4 	1.3e-2
0.8 	5.2e-5 	2.6e-3	5.3e-5	2.1e-3
0.9 	5.3e-6 	3.3e-4	5.0e-6	2.5e-4
1.0 	4.8e-7 	4.7e-5 	4.7e-7	2.2e-5
1.1 	2.1e-8 	1.1e-5 	2.6e-8	2.0e-6
1.2 	7.9e-9 	6.4e-6	2.2e-9	4.8e-7
1.3 	4.2e-9 	4.1e-6	5.3e-10	1.9e-7
%1.4 	3.0e-9 	2.6e-6
%1.5 	2.3e-9 	2.1e-6
%1.6 	1.7e-9 	1.5e-6
%1.7 	1.0e-9 	8.7e-7
%1.8 	6.9e-10	6.8e-7
%1.9 	5.0e-10	4.0e-7