SNR	BSF	FSF	BER	FER
0.0 	1.5e-1 	9.4e-1	1.5e-1 	9.4e-1
0.2 	1.1e-1 	7.9e-1	1.1e-1 	7.9e-1
0.4 	6.5e-2 	5.6e-1	6.5e-2 	5.6e-1
0.6 	3.6e-2 	3.6e-1	3.6e-2 	3.6e-1
0.8 	1.4e-2 	1.5e-1	1.4e-2 	1.5e-1
1.0 	4.2e-3 	5.9e-2	4.2e-3 	5.9e-2
1.2 	1.0e-3 	1.3e-2	1.0e-3 	1.3e-2
1.4 	1.1e-4 	2.3e-3	1.3e-4	2.1e-3
1.6 	1.4e-5 	3.0e-4	1.4e-5	2.5e-4
1.8 	1.1e-6 	5.1e-5	1.2e-6	2.6e-5
2.0 	1.4e-7 	1.1e-5	1.1e-7	4.0e-6
2.2 	4.7e-8 	4.9e-6	1.5e-8	7.7e-7
2.4 	1.6e-8 	2.1e-6	2.5e-9	1.4e-7
%2.6 	5.5e-9 	7.5e-7
%2.8 	1.7e-9 	3.2e-7
%3.0 	4.8e-10	1.2e-7