----------------------
Number of frames OK and finally false: 0
----------------------
-- Osc per ite (false fr) --
--- Nat Nat               --
Ite	f0	f1	f2	f3	f4	f5	f6	f7	f8	f9	f10	f11	f12	f13	f14	f15	f16	f17	f18	f19	f20	f21	f22	f23	f24	f25	f26	f27	f28	f29	f30	f31	f32	f33	f34	f35	f36	f37	f38	f39	f40	f41	f42	f43	f44	f45	f46	f47	f48	f49	f50	f51	f52	f53	f54	f55	f56	f57	f58	f59	f60	f61	f62	f63	f64	f65	f66	f67	f68	f69	f70	f71	f72	f73	f74	f75	f76	f77	f78	f79	f80	f81	f82	f83	f84	f85	f86	f87	f88	f89	f90	f91	f92	f93	f94	f95	f96	f97	f98	f99	
0	337	237	319	272	325	282	304	288	259	319	293	354	261	339	255	265	237	318	360	236	288	347	266	206	302	345	323	278	336	339	311	311	222	249	296	333	307	259	348	295	264	312	314	260	310	273	309	295	291	310	274	347	287	280	327	325	286	309	283	308	332	308	271	308	328	295	261	305	300	256	293	320	300	290	320	278	291	280	286	263	294	297	272	290	261	326	319	303	314	305	320	292	323	348	327	279	322	328	306	343	
1	263	153	283	217	237	254	273	270	114	278	239	251	250	239	187	217	79	296	349	104	193	298	160	36	275	298	265	208	228	332	222	270	88	140	259	241	292	86	264	259	86	204	294	255	232	194	277	211	223	296	185	326	246	211	351	291	215	323	179	197	268	198	231	235	247	162	196	219	271	96	285	306	288	231	347	311	213	200	145	213	298	224	150	208	86	295	265	225	243	277	268	130	241	299	258	149	315	230	218	243	
2	295	33	299	174	200	277	121	221	48	289	262	241	263	238	184	171	16	292	306	33	151	315	127	2	229	297	297	219	168	284	185	305	38	64	258	207	307	6	248	248	27	204	299	227	197	165	207	150	157	276	150	332	192	215	317	220	147	307	119	124	240	173	202	195	200	110	225	217	231	14	280	259	241	205	318	275	212	168	29	245	310	164	58	190	15	216	251	226	229	248	223	62	240	277	253	91	272	219	214	280	
3	312	4	219	191	233	232	25	223	20	297	263	223	265	205	160	135	1	353	285	20	159	315	92	0	232	277	315	226	138	304	150	297	12	19	257	144	300	1	234	239	20	198	260	294	195	154	238	71	158	251	135	273	150	206	265	257	107	306	64	86	226	123	215	183	266	33	222	244	247	3	271	272	233	216	276	294	264	162	3	236	271	147	22	189	10	168	286	285	204	259	212	49	226	238	248	117	219	238	225	337	
4	328	10	196	207	215	270	8	249	4	291	251	139	185	188	217	80	0	320	316	19	138	321	140	0	250	209	297	230	116	317	109	258	7	12	238	178	262	1	251	227	14	215	289	276	204	107	188	71	184	239	136	267	157	244	313	247	90	252	20	66	191	108	247	198	256	22	189	250	291	0	263	300	217	242	297	295	263	174	1	218	285	178	6	168	8	169	251	277	175	274	244	57	231	287	289	132	195	208	238	333	
5	290	1	201	192	178	226	4	263	1	262	252	154	195	210	234	52	0	276	297	24	135	303	165	1	200	160	308	200	111	346	27	259	7	5	242	176	249	0	241	181	0	196	265	239	205	97	181	54	201	252	134	311	171	217	330	260	105	217	3	94	206	124	211	190	243	20	189	226	258	0	245	294	231	251	309	286	235	145	1	211	292	152	5	182	5	173	249	235	182	243	244	52	264	285	333	124	218	219	248	264	
6	242	0	221	180	131	223	1	234	8	251	231	114	184	243	194	57	0	319	318	21	174	300	135	1	245	161	238	207	122	347	11	295	6	8	247	216	304	0	248	159	0	175	264	211	229	83	216	56	230	299	140	336	142	193	357	240	127	175	0	132	179	135	244	206	255	17	230	203	238	0	272	280	287	244	276	309	231	144	0	200	264	162	0	171	1	204	264	211	210	279	183	51	219	302	260	115	219	300	232	285	
7	251	0	249	163	151	228	1	228	6	230	260	130	181	207	229	66	0	287	339	8	161	280	113	0	224	151	244	209	103	352	5	268	8	3	226	184	302	0	196	212	0	193	287	240	212	98	230	64	216	314	106	314	138	157	282	272	118	159	0	138	155	133	236	216	251	5	232	183	269	0	288	286	256	243	302	293	236	147	0	207	289	167	0	207	1	202	244	241	200	289	176	40	210	336	272	136	235	261	188	312	
8	253	1	305	168	147	210	0	270	2	242	268	144	178	224	235	65	0	269	360	8	150	262	84	0	215	155	271	196	101	318	3	274	7	5	240	189	278	0	225	215	0	216	264	244	203	117	219	71	213	278	120	352	147	174	292	258	107	164	0	127	157	113	290	191	259	3	224	178	287	0	254	275	245	207	299	295	226	140	0	186	300	204	1	181	0	187	241	290	184	287	160	34	214	336	304	165	237	253	206	317	
9	259	1	294	206	106	216	0	291	8	236	239	115	166	246	172	60	0	254	333	2	162	281	86	0	251	141	242	184	131	306	3	280	8	4	241	210	234	0	254	248	0	188	252	259	196	75	210	76	193	249	142	308	107	173	308	222	118	155	1	105	166	99	264	144	226	2	246	153	308	0	265	294	273	219	258	282	185	140	0	173	313	181	0	147	0	150	216	241	139	277	173	45	212	269	305	171	265	248	249	281	
10	267	0	271	208	127	258	0	291	1	251	250	109	162	242	205	81	0	265	322	1	151	290	92	0	244	147	281	210	124	296	2	266	5	5	264	238	295	0	185	273	0	177	235	212	198	63	214	73	201	256	120	274	144	173	295	264	101	170	0	86	139	113	244	190	208	7	191	195	267	0	256	287	236	220	278	292	221	162	0	191	309	131	0	172	1	185	234	264	121	216	215	42	182	265	306	110	240	219	263	294	
11	305	0	245	189	131	274	0	240	2	208	256	104	191	230	248	105	0	288	302	2	97	290	89	0	248	149	302	242	113	268	1	314	6	7	254	241	311	0	207	279	0	171	265	238	207	96	202	62	227	281	104	252	143	184	306	222	80	203	0	113	173	113	281	198	216	5	237	245	234	0	250	305	233	292	288	306	280	147	0	176	312	161	0	190	0	208	202	247	134	265	230	41	211	248	250	152	245	232	213	294	
12	262	0	256	162	119	304	0	222	1	202	241	112	254	212	247	81	0	277	324	0	155	258	119	0	224	161	282	223	79	291	0	312	6	7	250	214	275	0	235	236	0	184	266	272	215	137	230	42	186	247	92	277	150	163	318	190	75	169	0	113	176	195	233	228	273	4	227	230	199	0	272	331	246	287	295	265	244	141	0	154	315	168	0	215	1	190	204	229	116	230	235	41	225	242	268	133	239	234	227	280	
13	308	0	227	181	136	312	0	246	2	232	277	121	224	174	225	69	0	263	336	0	179	289	143	0	222	134	293	192	110	252	0	295	4	4	249	196	253	0	237	206	0	205	237	256	174	133	233	37	195	283	109	281	136	164	327	228	65	202	0	78	153	227	245	246	277	4	226	203	248	0	234	304	267	248	356	277	226	116	0	191	271	113	0	179	0	198	242	290	146	251	217	31	231	253	258	144	211	225	236	268	
14	354	0	248	157	151	298	0	246	4	212	279	154	171	204	216	49	0	268	343	0	167	262	162	0	253	146	276	193	149	295	0	277	4	2	275	190	289	0	268	227	0	176	234	253	189	105	276	44	233	242	156	339	137	149	290	231	67	151	0	80	159	177	209	229	228	1	245	222	300	0	228	254	260	246	321	293	284	102	0	177	293	145	0	197	0	199	266	285	191	292	215	48	227	284	252	165	256	213	228	289	
15	298	0	254	203	153	271	0	235	4	180	302	176	159	270	240	58	0	273	368	0	143	299	168	0	243	142	309	207	125	343	0	258	2	2	260	181	276	0	244	224	0	190	208	271	209	94	256	52	235	291	175	323	173	164	307	241	75	166	0	73	160	168	226	216	257	3	251	210	293	0	233	216	216	198	310	304	277	126	0	152	311	163	0	234	0	177	191	267	179	247	255	50	246	324	268	170	263	201	213	353	
16	289	0	269	244	145	279	0	202	3	165	281	152	151	249	213	55	0	280	356	0	175	266	137	0	247	113	349	215	113	334	0	272	2	4	232	157	228	0	232	231	0	207	193	236	219	82	203	40	244	323	150	330	148	211	288	260	45	137	0	60	175	160	254	210	234	1	260	204	248	0	266	241	198	187	314	303	232	138	0	192	298	153	0	249	0	184	189	248	142	206	250	40	176	284	276	133	259	241	259	322	
17	313	0	261	224	144	241	0	253	3	157	230	167	193	229	170	62	0	274	329	0	173	268	89	0	257	158	307	232	98	325	0	303	4	4	245	128	251	0	233	199	0	206	256	196	203	63	228	53	248	259	148	324	134	216	282	257	28	172	0	51	170	123	240	263	249	0	198	186	228	0	258	332	229	215	286	291	262	129	0	217	288	153	0	211	0	207	216	196	191	233	194	43	184	283	231	118	270	276	227	270	
18	327	0	227	199	173	259	0	237	4	175	205	134	207	195	167	55	0	293	322	0	168	283	99	0	267	176	305	273	93	331	0	316	3	4	256	161	283	0	229	212	0	183	244	219	187	44	236	54	230	242	133	255	149	216	277	237	24	182	0	26	173	127	273	234	270	0	222	202	271	0	278	335	239	218	293	306	264	118	0	208	274	142	0	242	0	214	240	253	231	246	210	30	210	307	242	152	248	230	203	291	
19	307	0	171	203	180	270	0	244	4	183	206	121	194	206	169	53	0	298	334	0	150	300	136	0	251	202	313	237	109	322	0	271	2	2	264	144	320	0	204	229	0	196	232	253	222	72	239	55	216	301	120	250	149	192	247	257	14	198	0	44	160	125	265	215	266	0	226	177	267	0	273	308	240	261	261	286	235	142	0	262	281	154	0	227	0	179	222	270	199	265	198	28	222	287	246	151	250	257	233	290	
20	262	0	121	165	178	247	0	251	4	228	209	124	168	272	205	55	0	265	313	0	130	281	155	0	228	192	274	193	112	337	0	261	3	0	246	151	300	0	218	217	0	232	199	260	215	107	204	56	241	339	92	247	154	170	302	290	11	195	0	56	135	135	207	185	225	0	201	196	256	0	265	314	200	227	231	281	213	126	0	221	312	162	0	182	1	158	251	251	178	236	192	24	177	260	225	141	241	290	216	276	
21	284	0	189	165	158	221	0	274	4	210	246	130	192	204	234	44	0	236	276	0	142	308	115	0	222	201	272	142	106	327	0	255	1	3	193	125	292	0	203	216	0	227	201	241	188	114	183	44	225	317	118	306	178	200	266	221	5	197	0	51	168	164	212	173	200	0	213	168	222	0	272	304	228	245	295	258	217	141	0	201	314	132	0	185	1	160	256	229	166	212	207	23	197	263	276	144	209	284	233	316	
22	299	0	194	165	165	203	0	285	4	179	269	124	209	259	255	41	0	284	293	0	152	318	116	0	232	215	279	166	112	344	0	292	1	2	217	124	302	0	246	233	0	233	192	258	196	139	202	47	243	323	95	297	188	206	267	262	8	185	0	32	219	131	260	196	215	0	190	166	241	0	235	337	249	246	309	274	237	109	0	205	272	172	0	215	0	142	254	250	211	234	272	44	205	269	307	147	210	235	200	318	
23	250	0	219	163	203	172	0	245	6	236	210	133	201	290	227	41	0	266	313	0	144	297	117	0	280	220	260	234	140	309	0	291	1	1	243	122	289	0	250	241	0	206	230	212	135	130	201	49	230	334	115	260	155	230	300	265	11	174	0	36	208	116	281	239	201	0	207	173	259	0	256	306	198	259	354	242	253	90	0	219	310	156	0	214	0	185	267	240	218	255	278	22	178	265	286	164	245	239	160	329	
24	250	0	297	211	183	193	0	227	7	247	249	131	222	257	271	48	0	274	304	0	132	269	105	0	266	185	276	240	124	264	0	298	1	2	251	107	259	0	230	243	0	164	208	232	166	73	221	60	224	297	120	266	164	243	276	272	12	232	0	30	214	127	260	257	165	0	232	195	288	0	263	287	218	244	327	245	189	94	0	197	360	151	0	220	0	166	283	256	170	256	247	14	161	270	285	126	263	226	150	317	
25	287	0	303	175	158	208	0	213	7	279	257	129	247	237	239	47	0	270	345	0	163	303	95	0	257	196	283	221	103	325	0	258	0	2	262	142	271	0	237	217	0	155	211	244	209	62	192	75	246	219	130	300	190	222	305	271	15	239	0	64	207	134	261	252	174	0	232	173	282	0	260	292	184	222	306	245	204	112	0	186	310	163	0	186	0	148	231	221	164	211	240	24	194	290	295	136	289	247	200	319	
26	287	0	284	187	145	215	0	253	9	277	246	134	226	218	237	42	0	296	333	0	143	310	110	0	284	182	282	248	126	326	0	218	1	0	277	143	260	0	249	251	0	142	215	247	226	58	138	88	249	258	158	310	172	198	294	238	9	184	0	99	165	124	242	221	224	0	202	145	232	0	204	289	155	250	285	239	223	92	0	203	288	174	0	190	0	148	196	224	187	227	203	39	161	341	311	155	276	250	233	308	
27	257	0	291	158	130	232	0	271	9	258	236	159	218	224	205	42	0	319	320	0	198	289	125	0	192	171	289	213	113	327	0	265	1	1	306	158	298	0	247	291	0	197	228	240	235	109	183	58	225	283	146	316	199	246	300	252	8	175	0	84	172	135	216	199	246	0	187	179	226	0	238	297	153	251	272	261	225	94	0	215	260	174	0	197	1	149	192	229	180	252	204	44	207	300	240	137	223	220	209	268	
28	301	0	288	154	144	208	0	263	11	221	231	179	165	205	219	53	0	281	316	0	224	275	199	0	225	161	304	184	115	306	0	304	1	1	253	152	266	0	247	282	0	227	201	246	175	121	250	60	216	308	167	280	187	227	289	233	6	159	0	88	146	158	293	181	249	0	200	182	222	0	246	320	128	276	298	256	244	131	0	221	265	182	0	187	1	91	157	255	179	271	212	45	260	270	256	98	223	225	224	254	
29	320	0	288	159	170	251	0	250	9	235	256	152	155	250	206	52	0	280	325	0	182	319	172	0	249	187	292	210	87	367	0	307	1	0	223	152	283	0	263	209	0	208	186	257	226	142	274	44	243	288	191	257	157	187	297	228	5	163	0	78	171	165	293	205	168	0	182	184	243	0	258	319	86	264	335	269	223	177	0	244	281	141	0	178	0	78	174	277	153	223	205	37	235	270	264	87	244	223	254	273	
30	268	0	271	182	163	259	0	234	9	253	281	132	88	256	229	58	0	317	339	0	164	268	124	0	215	246	314	242	99	301	0	302	1	0	283	155	292	0	285	225	0	213	219	286	235	113	253	48	196	283	151	225	150	182	318	242	5	178	0	63	233	170	220	195	179	0	225	182	241	0	267	295	60	209	293	262	252	137	0	251	269	155	0	183	0	73	252	262	186	241	207	49	209	267	265	91	251	226	219	296	
--- Int Int               --
Ite	f0	f1	f2	f3	f4	f5	f6	f7	f8	f9	f10	f11	f12	f13	f14	f15	f16	f17	f18	f19	f20	f21	f22	f23	f24	f25	f26	f27	f28	f29	f30	f31	f32	f33	f34	f35	f36	f37	f38	f39	f40	f41	f42	f43	f44	f45	f46	f47	f48	f49	f50	f51	f52	f53	f54	f55	f56	f57	f58	f59	f60	f61	f62	f63	f64	f65	f66	f67	f68	f69	f70	f71	f72	f73	f74	f75	f76	f77	f78	f79	f80	f81	f82	f83	f84	f85	f86	f87	f88	f89	f90	f91	f92	f93	f94	f95	f96	f97	f98	f99	
0	314	174	316	239	247	276	274	234	217	258	223	315	278	238	246	275	136	251	319	178	246	269	203	119	270	328	298	197	307	310	250	304	111	195	262	250	272	167	267	243	163	269	295	261	260	218	293	230	291	300	255	343	265	256	322	289	213	305	216	251	283	253	291	274	252	169	273	272	300	182	276	283	265	265	317	286	242	235	217	244	293	230	217	249	173	277	293	260	266	275	281	185	268	302	232	206	372	253	213	260	
1	284	60	307	168	245	320	179	208	103	269	215	262	253	222	215	213	40	255	302	71	190	281	163	16	228	326	247	184	219	273	230	275	56	112	252	214	303	22	247	318	64	228	284	225	247	180	234	155	228	306	178	327	199	224	340	272	142	321	134	127	266	226	254	250	220	134	238	244	254	24	289	293	232	233	324	256	182	163	78	221	277	163	93	229	25	209	245	235	194	262	273	75	229	286	238	135	289	216	160	223	
2	322	9	247	166	226	244	76	224	45	268	217	227	268	186	181	196	2	303	311	22	150	286	107	2	237	314	255	209	143	262	164	263	8	44	282	196	272	8	236	267	23	189	245	265	217	166	205	130	218	276	154	328	162	190	333	217	119	290	98	103	248	141	237	193	223	63	225	233	244	5	282	235	210	198	277	276	226	166	10	228	266	176	27	187	7	179	272	293	192	273	256	58	204	272	263	152	262	226	195	336	
3	345	1	233	192	219	229	4	259	6	267	228	177	216	188	226	120	0	333	329	15	186	296	102	1	235	250	250	239	137	278	138	285	4	10	300	167	248	4	208	214	16	194	248	283	228	124	206	74	230	262	135	292	139	196	286	279	103	262	49	74	191	114	284	186	257	19	225	238	264	0	273	291	254	259	276	256	246	171	1	222	252	146	10	184	7	147	272	261	177	290	254	60	203	233	249	136	212	222	228	327	
4	313	1	233	178	193	272	2	253	3	250	232	129	239	191	278	65	0	271	328	22	174	271	130	0	231	204	271	198	130	258	75	251	4	7	282	197	262	0	211	191	3	225	277	269	258	117	194	54	237	295	119	340	158	175	299	262	88	249	5	80	176	131	292	185	273	11	240	203	255	0	263	291	193	270	312	268	219	153	1	198	267	184	2	189	6	137	216	294	191	247	254	68	237	286	256	178	242	179	193	307	
5	247	4	211	171	125	232	1	248	1	223	179	110	214	243	233	53	0	322	301	24	176	278	128	0	206	159	218	171	116	261	31	273	5	3	264	181	281	0	242	150	1	204	240	227	240	87	206	49	264	271	124	330	177	187	343	234	120	177	0	118	176	111	267	194	239	17	263	215	244	0	275	271	272	261	347	264	236	151	0	219	260	159	4	180	0	165	233	277	196	274	235	64	206	357	239	122	275	214	178	263	
6	256	3	249	159	116	224	0	197	1	186	233	110	189	229	184	65	0	319	356	7	163	291	131	0	232	152	229	220	107	284	13	278	3	6	242	204	295	0	231	176	1	189	253	223	272	78	225	59	247	257	108	332	158	166	348	255	130	170	0	144	189	143	264	213	277	14	214	220	257	0	271	259	284	301	335	284	234	156	0	209	274	142	0	173	0	176	259	241	184	273	203	40	199	330	256	144	238	236	176	279	
7	240	1	348	166	138	219	0	237	3	197	232	110	197	233	246	54	0	284	353	5	175	264	123	0	233	135	249	230	98	303	1	275	1	4	259	194	273	0	226	217	0	188	295	251	218	80	249	75	253	280	110	351	150	162	262	234	114	183	0	140	177	137	313	191	232	16	250	212	243	0	244	286	245	277	307	296	271	156	0	199	282	172	2	191	0	156	270	267	186	293	189	37	208	296	236	177	228	215	162	261	
8	272	0	320	191	121	224	0	287	2	221	214	129	187	234	233	76	0	266	295	1	151	255	86	0	244	177	251	203	108	254	1	239	1	6	217	229	228	0	270	229	0	199	266	255	203	84	229	82	256	276	126	312	138	160	302	211	138	191	0	117	185	138	293	184	211	12	240	179	283	0	260	290	291	213	252	313	253	184	0	196	319	199	1	181	0	124	252	282	187	302	193	40	193	274	251	138	238	220	220	269	
9	248	1	318	228	122	258	0	293	1	249	178	142	143	251	183	78	0	238	316	3	158	264	103	0	281	157	275	204	143	282	0	273	2	6	243	252	252	0	195	255	0	200	216	259	211	62	254	67	223	268	127	305	137	149	329	234	114	157	0	93	149	134	290	185	198	7	195	205	290	0	266	247	256	189	268	313	198	166	0	185	308	184	0	202	0	132	217	287	125	287	202	33	181	275	249	132	266	215	245	248	
10	300	0	313	174	108	277	0	273	0	228	227	114	186	197	209	82	0	250	316	0	140	280	113	0	264	176	298	220	132	234	0	287	1	4	279	254	283	0	193	292	0	178	240	231	207	73	261	70	213	294	100	297	141	184	288	245	77	201	0	93	148	130	286	203	229	5	217	255	249	0	237	299	230	243	268	274	213	185	0	185	314	145	0	194	0	165	214	252	112	294	238	35	197	286	241	160	253	224	190	288	
11	300	0	283	157	110	325	0	255	0	197	196	110	257	200	275	93	0	271	307	0	115	263	117	0	295	162	289	241	122	263	0	297	0	7	272	239	275	0	222	250	0	204	271	285	228	92	263	43	240	284	74	285	147	196	282	209	73	174	0	123	192	125	272	215	243	2	269	241	218	0	257	309	262	296	290	277	225	140	0	157	320	135	0	174	0	164	205	240	68	230	236	30	193	228	213	166	222	205	175	286	
12	275	0	255	166	136	320	0	215	0	171	203	141	248	190	284	74	0	276	309	0	157	292	119	0	243	168	261	233	90	275	0	269	3	2	250	205	213	0	218	218	0	169	267	261	220	115	230	37	234	264	82	301	160	153	333	254	56	203	0	91	154	205	287	209	247	3	229	252	234	0	250	339	284	261	325	284	226	163	0	154	275	156	0	198	0	161	223	267	89	234	228	31	181	235	249	133	237	193	194	271	
13	335	0	243	162	162	300	0	223	1	203	214	143	221	196	250	56	0	311	318	0	165	276	148	0	238	137	253	222	119	254	0	281	2	3	336	186	218	0	270	210	0	165	234	241	198	97	253	35	250	280	117	312	113	125	315	259	66	185	0	58	219	210	244	238	238	1	236	241	318	0	255	274	279	245	310	266	251	125	0	200	285	154	0	189	0	183	252	304	154	276	239	37	201	267	255	180	184	207	192	256	
14	346	1	251	180	134	283	0	213	1	168	255	149	157	218	267	41	0	268	329	0	147	278	165	0	299	159	267	205	125	279	0	264	2	3	311	200	235	0	254	202	0	170	201	293	197	76	272	49	236	288	175	347	154	176	272	241	60	170	0	73	171	164	262	194	228	1	256	244	322	0	255	240	222	218	329	290	250	132	0	181	314	144	0	194	0	156	221	269	174	285	275	31	234	298	229	164	221	178	198	322	
15	262	1	308	201	140	262	0	210	1	176	283	153	171	260	247	56	0	259	293	0	163	272	138	0	291	177	261	211	114	304	0	277	0	4	283	187	228	0	205	232	0	192	222	304	190	80	226	58	277	342	162	339	172	192	295	247	46	156	0	59	182	172	311	185	215	0	291	257	315	0	268	256	213	215	308	308	239	168	0	192	319	141	0	221	0	189	188	230	162	216	234	42	181	298	242	162	238	210	200	294	
16	255	0	279	228	148	249	0	231	1	150	243	150	207	199	216	69	0	238	344	0	199	286	108	0	274	170	291	250	92	284	0	261	0	2	269	158	228	0	185	219	0	166	215	237	191	61	212	60	270	300	144	313	156	192	284	250	34	131	0	55	179	135	268	232	234	1	240	195	274	0	261	333	226	205	294	306	274	174	0	228	284	152	0	226	0	204	224	236	167	222	201	36	160	271	240	128	213	219	177	254	
17	293	0	262	202	127	264	0	232	1	160	217	146	231	197	183	60	0	269	285	0	185	264	93	0	266	168	318	244	89	317	0	238	0	3	260	167	254	0	200	219	0	175	250	222	189	53	219	40	274	261	142	292	135	199	252	236	19	226	0	27	177	152	264	199	231	0	195	178	235	0	321	299	239	207	284	299	260	142	0	208	308	135	0	240	0	215	193	242	214	263	205	25	186	263	197	128	241	214	184	264	
18	312	0	178	189	143	227	0	219	1	185	183	130	204	178	165	69	0	285	308	0	158	296	124	0	266	189	263	248	99	324	0	234	1	1	257	138	296	0	238	226	0	191	228	244	233	66	238	57	269	283	102	281	154	187	245	277	23	186	0	44	163	156	311	171	233	0	228	212	261	0	280	316	241	286	287	270	241	133	0	194	267	132	0	273	0	187	240	253	231	294	232	20	181	278	234	144	258	220	173	276	
19	297	0	159	157	166	237	0	232	1	193	174	130	165	218	196	47	0	253	299	0	166	305	121	0	253	216	251	220	102	317	0	238	0	2	242	151	312	0	207	206	0	219	220	246	221	97	245	50	265	279	123	258	182	157	283	255	13	222	0	54	149	146	303	189	193	1	240	205	256	0	277	268	229	245	233	265	267	149	0	228	287	136	0	243	0	147	222	238	173	238	226	20	155	261	202	147	282	245	178	258	
20	287	0	169	164	173	223	0	277	1	176	212	138	159	222	239	45	0	260	274	0	154	259	128	0	226	194	236	210	114	323	0	299	0	4	220	155	283	0	168	210	0	224	233	231	219	125	175	52	281	303	115	256	175	154	291	240	9	204	0	46	147	148	277	182	183	0	211	219	217	0	303	277	226	262	242	282	227	151	0	213	299	161	0	168	0	149	219	252	156	244	229	20	183	268	229	161	203	256	182	294	
21	273	0	212	168	182	216	0	269	2	158	204	142	230	230	261	53	0	262	267	0	171	284	107	0	242	226	229	169	144	335	0	272	0	3	265	146	290	0	188	160	0	219	206	252	208	132	194	44	287	291	109	294	131	167	293	262	9	177	0	51	172	131	279	163	188	1	214	161	250	0	295	316	251	280	307	290	246	156	0	203	284	177	0	181	0	155	206	249	161	220	247	44	170	243	254	160	188	209	167	312	
22	241	0	249	168	186	211	0	259	2	166	212	147	222	284	266	38	0	277	303	0	173	274	130	0	283	232	223	188	143	275	0	287	0	3	254	123	257	0	204	212	0	259	181	209	165	120	209	46	311	342	119	275	156	211	257	271	7	200	0	39	221	131	324	237	208	0	189	143	242	0	263	314	241	262	334	287	254	142	0	212	280	171	0	217	0	146	270	244	187	246	262	25	189	222	277	166	240	214	155	303	
23	266	0	263	211	226	203	0	193	2	212	199	146	216	279	222	47	0	242	310	0	156	273	111	0	295	221	219	228	112	241	0	289	1	2	259	109	218	0	258	242	0	197	230	230	172	95	238	45	274	308	125	248	181	232	264	270	16	224	0	49	190	118	304	256	196	0	214	161	237	0	283	268	202	272	319	244	284	93	0	232	342	171	0	226	0	161	263	253	216	238	251	26	157	269	241	136	268	210	161	328	
24	276	0	324	176	178	222	0	219	2	259	201	127	220	256	264	50	0	263	304	0	161	288	110	0	272	219	264	234	120	250	0	261	0	2	263	134	259	0	239	227	0	154	212	250	186	67	195	52	242	279	123	319	169	207	300	258	17	231	0	51	201	113	302	255	161	0	227	207	259	0	257	285	205	263	253	238	192	96	0	206	344	160	0	222	0	162	243	213	187	245	273	27	169	316	244	129	281	216	168	305	
25	294	0	311	169	133	227	0	256	2	252	218	140	248	244	283	62	0	216	339	0	167	257	101	0	239	202	245	217	119	283	0	245	0	2	289	154	296	0	220	262	0	125	198	224	216	63	165	67	254	291	153	328	192	225	293	268	17	205	0	78	181	102	282	234	160	0	187	174	254	0	234	262	174	221	268	226	216	104	0	243	311	155	0	201	0	179	193	204	148	209	253	38	169	314	284	163	314	236	199	312	
26	250	0	309	151	139	282	0	276	4	244	216	150	239	253	240	49	0	305	342	0	149	280	126	0	251	194	233	205	126	302	0	238	0	1	291	180	266	0	231	292	0	143	192	253	219	77	167	72	270	282	155	353	194	241	290	279	15	218	0	78	171	138	288	195	203	0	185	186	255	0	215	282	184	240	265	264	243	110	0	220	319	193	0	189	0	191	191	205	146	241	205	49	157	286	241	157	269	212	187	276	
27	270	0	328	175	134	255	0	280	5	212	198	172	201	203	288	56	0	275	298	0	209	264	142	0	211	167	234	167	122	310	0	261	1	1	273	158	263	0	216	309	0	221	205	243	192	118	239	62	240	276	143	320	198	221	311	262	6	194	0	92	168	160	298	188	205	0	188	202	255	0	244	282	154	275	295	295	230	153	0	227	268	160	0	166	0	143	184	242	156	272	206	37	240	293	233	132	222	217	177	242	
28	336	0	318	165	132	268	0	234	5	200	232	167	188	236	258	51	0	255	304	0	223	311	168	0	216	169	273	177	100	346	0	275	1	2	289	158	254	0	255	246	0	227	199	225	242	126	233	46	221	301	179	265	136	178	262	248	5	153	0	71	159	163	321	175	194	0	205	204	235	0	248	289	117	275	305	260	182	183	0	237	315	155	0	200	0	75	165	263	159	262	230	39	218	261	213	91	240	185	222	248	
29	312	0	265	199	156	290	0	247	5	226	253	160	112	246	242	56	0	334	301	0	180	273	135	0	211	216	293	236	101	319	0	248	1	1	280	161	232	0	234	227	0	169	205	268	229	117	255	60	205	315	172	241	144	170	269	209	7	173	0	57	198	184	322	206	187	0	196	220	246	0	251	255	77	221	286	266	226	177	0	246	334	160	0	191	0	53	201	256	144	236	227	64	208	261	245	101	246	168	178	283	
30	283	0	258	198	170	254	0	264	6	244	269	133	104	228	237	82	0	313	277	0	186	217	130	0	221	273	287	223	85	269	0	232	0	0	288	152	245	0	275	186	0	181	208	298	199	101	274	48	208	288	146	303	133	195	326	223	8	201	0	45	213	180	258	204	195	0	280	170	263	0	240	256	50	247	294	276	206	202	0	216	300	152	0	224	0	69	282	255	162	213	218	44	169	268	229	135	272	216	147	273	
--- Nat Int               --
Ite	f0	f1	f2	f3	f4	f5	f6	f7	f8	f9	f10	f11	f12	f13	f14	f15	f16	f17	f18	f19	f20	f21	f22	f23	f24	f25	f26	f27	f28	f29	f30	f31	f32	f33	f34	f35	f36	f37	f38	f39	f40	f41	f42	f43	f44	f45	f46	f47	f48	f49	f50	f51	f52	f53	f54	f55	f56	f57	f58	f59	f60	f61	f62	f63	f64	f65	f66	f67	f68	f69	f70	f71	f72	f73	f74	f75	f76	f77	f78	f79	f80	f81	f82	f83	f84	f85	f86	f87	f88	f89	f90	f91	f92	f93	f94	f95	f96	f97	f98	f99	
0	434	271	442	396	382	414	422	399	311	398	366	440	432	380	338	389	212	438	525	230	423	380	337	165	455	440	473	380	438	465	421	445	191	271	388	446	451	236	454	444	236	418	460	409	373	387	403	391	424	431	378	490	381	400	446	415	345	444	340	382	416	371	438	421	416	297	429	402	405	259	425	460	393	394	466	434	383	363	319	355	458	369	337	389	244	422	430	388	415	421	418	288	439	478	422	335	461	378	392	418	
1	405	92	463	358	350	474	259	389	150	436	416	396	406	395	325	351	57	419	491	118	342	419	288	20	412	444	436	363	381	419	403	419	94	154	385	389	465	29	433	464	111	355	511	393	337	329	355	284	340	459	308	475	338	357	513	429	287	466	221	248	449	352	374	388	371	244	328	373	416	45	450	461	352	346	464	433	338	310	107	398	473	311	150	408	43	364	398	387	354	361	427	143	382	495	352	240	444	351	321	381	
2	460	19	415	316	355	393	107	374	79	418	421	363	388	375	304	301	9	478	447	64	307	429	240	10	405	463	456	372	260	390	268	435	34	68	399	372	425	15	356	442	36	313	420	393	339	250	398	223	315	413	322	432	287	402	466	371	234	442	152	203	387	301	366	321	369	118	367	364	361	13	443	387	367	278	400	432	378	317	12	412	450	246	47	311	17	319	390	384	321	383	385	128	363	400	379	250	443	386	343	458	
3	440	26	365	345	368	391	24	393	22	417	379	337	379	320	319	228	6	492	443	62	276	474	165	10	446	362	412	391	215	446	236	415	34	23	370	350	391	8	352	392	33	328	431	400	347	202	349	140	321	420	289	395	323	372	404	403	212	460	72	136	355	245	412	319	450	62	390	423	426	9	406	406	398	386	373	394	446	305	3	382	425	273	14	311	32	278	428	412	303	439	457	133	395	378	406	269	414	382	337	485	
4	439	15	370	342	350	386	14	381	20	449	350	261	346	328	394	160	6	439	490	60	296	437	233	9	339	291	425	324	232	445	101	382	31	33	414	311	403	13	429	301	5	339	416	409	343	185	319	99	353	387	280	444	307	398	437	379	179	452	13	154	379	241	389	317	395	57	332	371	429	9	412	453	407	383	456	413	413	302	5	368	410	299	12	323	19	268	353	432	321	361	429	108	367	440	454	301	377	380	421	491	
5	386	13	354	360	263	368	10	385	22	403	324	250	334	421	350	127	6	456	455	68	295	489	256	8	370	329	410	306	225	389	41	436	32	39	398	324	408	13	403	311	2	314	430	379	358	173	284	111	331	394	269	445	326	366	504	387	210	344	7	226	309	230	364	266	415	74	387	392	398	9	384	468	399	346	449	413	399	278	7	337	399	289	15	280	22	284	344	361	304	425	403	94	350	463	401	259	433	382	382	460	
6	399	15	382	337	289	369	8	337	31	357	362	224	302	399	365	159	6	481	494	33	277	447	213	7	353	337	366	348	185	429	25	418	31	40	411	285	467	13	381	366	1	319	426	355	371	155	354	150	381	470	237	469	297	358	468	369	201	312	7	236	300	238	359	346	423	56	382	392	412	9	427	443	428	367	402	458	356	265	7	394	417	248	17	273	21	275	371	373	278	434	415	125	365	424	392	270	387	392	356	486	
7	420	18	456	297	274	369	7	370	36	379	431	238	304	369	398	166	6	415	497	22	295	418	181	7	359	244	443	327	205	455	19	422	30	41	375	327	442	13	360	368	0	373	450	396	319	209	373	121	330	449	233	445	295	303	458	428	213	335	7	292	302	230	395	347	397	47	398	381	416	9	440	450	316	347	447	445	400	262	7	390	396	301	17	303	22	297	350	401	336	418	358	115	348	454	448	316	400	331	358	465	
8	415	18	419	341	211	368	7	435	39	358	369	218	339	432	393	185	6	394	452	9	252	402	208	7	401	278	413	329	234	386	21	481	34	36	320	366	363	13	403	392	0	389	423	397	304	158	355	129	366	397	251	424	250	307	458	308	190	328	7	217	310	206	426	271	392	60	420	351	466	9	424	465	434	311	373	448	419	246	7	333	432	323	18	287	22	240	377	418	328	438	301	132	288	428	412	310	451	365	358	507	
9	416	17	415	380	218	406	7	479	29	367	332	238	324	412	334	161	6	360	460	6	327	392	200	7	420	250	428	342	243	420	21	406	35	38	358	373	381	13	327	399	0	368	417	361	341	143	350	143	355	398	233	452	305	342	474	397	216	328	6	221	275	231	443	263	329	52	384	319	467	9	395	437	378	313	391	445	403	278	7	330	468	339	19	263	22	312	395	383	290	429	377	131	303	449	406	241	424	383	403	445	
10	455	18	424	300	225	432	7	403	27	375	398	261	359	363	364	206	6	435	410	2	258	462	181	7	411	250	436	398	276	420	19	423	34	37	385	387	454	13	335	413	0	337	408	416	328	122	358	137	329	426	214	391	294	328	462	379	203	335	6	212	273	222	415	354	383	56	364	345	390	9	399	451	384	354	389	448	428	286	7	312	451	272	19	321	21	295	356	396	258	386	394	90	312	441	425	273	388	395	375	453	
11	490	18	424	305	238	455	7	400	29	345	385	263	416	368	415	211	6	415	412	0	203	402	231	7	393	263	412	394	203	446	20	444	35	42	358	382	448	13	361	432	0	298	441	451	370	187	373	95	381	425	204	368	292	332	464	328	174	347	6	214	346	225	398	345	370	58	412	375	377	9	454	467	401	399	403	446	405	282	7	265	453	254	19	325	21	284	352	377	206	383	386	104	290	427	372	261	382	371	386	499	
12	410	18	381	276	233	448	7	367	28	368	396	307	363	292	403	179	6	435	421	0	293	431	239	7	426	260	381	376	168	438	20	411	33	44	382	351	372	13	348	428	0	310	466	428	317	212	406	112	331	428	206	432	313	265	494	367	178	324	6	192	300	325	355	368	444	54	384	362	358	9	403	463	445	350	416	422	390	235	7	258	400	221	19	324	22	292	369	390	216	343	401	97	288	375	379	230	385	386	386	465	
13	481	18	377	285	277	452	7	386	30	329	364	279	347	306	342	136	6	412	482	0	333	412	283	7	363	254	421	385	186	421	20	425	32	38	433	348	372	13	417	382	0	284	416	429	281	208	411	138	364	443	229	412	287	230	458	361	145	289	6	143	335	339	395	379	462	57	363	393	416	9	373	434	436	351	479	393	428	200	7	295	444	238	19	327	22	297	384	383	261	418	390	85	354	401	428	297	371	356	362	428	
14	442	18	392	282	300	412	7	349	29	328	419	298	267	344	390	149	6	417	445	0	261	456	263	7	398	277	400	370	194	436	20	409	32	37	456	364	395	13	421	345	0	289	328	475	344	192	404	159	333	455	318	469	309	278	455	431	160	303	6	143	283	306	396	342	442	57	426	330	424	9	432	358	383	360	460	442	427	235	7	306	402	265	19	373	22	249	322	396	296	414	416	118	368	476	383	308	401	336	410	479	
15	400	17	433	343	259	406	7	353	30	326	434	307	279	432	373	130	6	442	468	0	277	373	278	7	420	218	452	324	162	434	20	399	32	40	419	301	374	13	331	417	0	321	335	479	344	184	386	152	400	516	308	489	288	362	440	441	115	311	6	127	266	336	404	322	383	59	417	360	429	9	430	406	327	362	457	464	400	255	7	309	443	312	19	375	22	284	304	400	285	364	418	107	336	444	436	304	391	311	431	464	
16	409	18	376	358	280	401	7	417	28	279	374	276	309	401	325	135	6	423	483	0	275	405	201	7	412	256	454	346	199	430	20	432	32	38	394	305	410	13	352	362	0	288	368	397	303	118	373	128	423	423	256	440	322	349	391	396	106	282	6	130	313	274	433	379	418	58	358	343	398	9	384	475	328	332	447	449	391	231	7	367	358	328	19	363	22	329	327	360	333	364	426	115	277	414	440	233	384	386	372	420	
17	495	18	388	324	314	389	7	439	30	312	347	309	341	375	333	162	6	425	416	0	295	361	164	7	413	284	412	356	155	445	20	418	32	38	422	255	437	13	298	366	0	312	417	378	291	128	373	147	411	426	254	453	302	357	407	375	76	337	6	120	338	274	353	388	421	57	334	290	394	9	457	442	349	394	421	424	433	290	7	386	408	293	19	356	22	324	347	378	375	381	373	106	317	460	415	235	355	301	338	436	
18	483	18	335	337	314	390	7	376	29	329	321	257	369	309	325	175	6	419	465	0	272	434	206	7	390	326	425	393	179	489	20	450	31	39	402	295	456	13	317	351	0	292	441	417	335	135	426	159	391	477	225	406	288	376	406	418	59	347	6	109	332	277	378	343	414	57	399	370	436	9	426	414	389	437	408	423	399	254	7	372	358	264	19	416	22	305	364	399	348	438	414	113	309	442	398	259	376	375	351	467	
19	438	18	300	333	359	393	7	389	30	309	324	280	319	351	329	141	6	430	451	0	274	444	260	7	357	313	387	362	187	463	20	405	32	38	405	275	516	13	319	318	0	321	421	420	344	191	387	143	408	437	255	409	315	331	394	438	44	353	6	121	253	266	394	311	353	57	369	321	388	9	367	438	294	382	390	427	417	263	7	402	406	216	19	358	22	253	374	348	326	407	382	117	256	431	356	266	408	366	343	459	
20	421	18	316	351	321	335	7	422	29	352	371	288	294	369	370	159	6	384	409	0	252	442	238	7	352	309	368	317	189	443	20	448	33	36	367	299	428	13	342	369	0	388	368	400	330	267	316	119	394	465	200	408	305	352	441	387	38	364	6	145	273	277	408	267	357	58	330	360	374	9	419	448	337	366	408	391	423	272	7	369	435	228	19	307	21	248	413	391	291	383	374	137	258	412	355	302	379	377	359	471	
21	452	18	334	342	338	337	7	441	30	304	405	310	353	377	415	180	6	390	401	0	272	479	205	7	372	328	382	265	203	475	20	406	34	39	376	277	465	13	329	353	0	375	304	416	345	264	304	117	392	421	203	406	322	336	402	392	34	297	6	136	310	241	359	296	330	58	344	309	349	9	432	495	375	401	457	459	391	244	7	369	438	229	19	336	22	259	372	316	283	305	366	136	282	405	434	225	331	339	324	513	
22	400	18	358	289	347	338	7	401	28	287	392	332	386	428	429	166	6	424	469	0	285	457	230	7	390	307	380	326	251	470	20	456	33	40	426	247	427	13	399	368	0	371	338	384	299	261	300	106	398	497	187	419	299	391	388	418	39	333	6	101	351	223	392	371	355	57	300	322	424	9	420	502	383	367	479	413	428	241	7	337	442	282	19	362	22	238	416	343	331	371	425	90	325	421	453	234	395	343	341	479	
23	403	18	390	320	318	327	7	357	32	363	336	300	363	426	346	153	6	375	463	0	270	448	191	7	401	345	365	370	198	370	20	490	34	36	385	228	367	13	389	409	0	330	353	341	279	203	354	135	387	479	239	388	260	388	375	420	41	365	6	88	300	182	427	349	350	57	328	298	431	9	471	446	346	398	473	384	405	171	7	356	422	275	19	375	22	309	395	405	348	398	397	77	304	418	420	220	422	360	298	449	
24	451	18	398	320	285	365	7	349	27	358	384	271	355	434	389	188	6	407	473	0	246	428	195	7	414	299	388	366	230	367	20	405	32	38	415	280	388	13	401	352	0	309	353	363	303	161	349	150	407	446	202	398	317	397	411	390	57	375	6	115	352	233	417	368	325	57	426	344	434	9	459	405	378	392	447	389	370	194	7	351	490	293	19	361	22	264	389	354	266	366	439	93	296	393	408	230	461	370	301	478	
25	482	18	421	331	257	373	7	401	32	358	416	255	352	407	394	177	6	402	538	0	310	401	186	7	387	314	387	367	221	444	20	364	32	38	428	270	418	13	421	374	0	292	358	363	364	158	292	159	419	402	261	483	348	354	416	411	49	339	6	154	272	226	388	371	350	57	351	354	417	9	374	444	289	371	452	410	350	184	7	383	462	318	19	329	22	238	323	362	245	338	396	78	279	503	443	265	413	405	339	514	
26	365	18	420	295	295	387	7	404	27	385	370	303	358	409	384	123	6	480	490	0	308	380	223	7	358	290	396	344	216	439	20	363	33	36	406	289	428	13	382	445	0	295	391	362	390	165	307	140	424	447	312	473	340	413	471	443	61	294	6	187	316	258	386	392	366	57	332	305	377	9	384	413	296	340	395	391	375	182	7	407	461	303	19	326	22	273	352	348	264	354	386	119	287	406	374	265	397	429	341	474	
27	400	18	448	278	278	361	7	437	32	365	364	368	295	330	345	124	6	422	424	0	389	417	228	7	315	247	376	282	235	436	20	440	32	38	359	313	412	13	298	446	0	373	355	383	330	207	327	110	335	408	273	468	373	386	457	414	44	321	6	175	317	299	382	378	377	57	340	364	374	9	407	442	257	431	442	446	425	192	7	362	416	322	19	276	21	255	321	382	282	459	375	112	367	422	361	227	347	401	303	420	
28	451	18	418	297	268	380	7	376	26	354	367	319	271	336	390	151	6	414	442	0	344	406	349	7	397	289	366	337	218	484	20	407	34	38	377	301	409	13	389	423	0	387	363	386	321	226	422	124	361	474	331	412	320	348	417	431	42	278	6	169	319	319	421	339	317	57	310	308	393	9	357	528	207	404	445	387	437	262	7	422	441	324	19	335	22	169	310	379	285	382	327	96	365	391	360	195	424	355	368	434	
29	453	18	410	353	286	357	7	392	32	371	425	306	254	416	376	174	6	453	453	0	315	478	281	7	366	315	395	368	177	423	20	425	32	36	383	337	380	13	429	376	0	356	362	410	371	222	421	122	357	465	311	370	303	319	460	397	40	296	6	142	333	337	411	349	329	57	291	354	387	9	427	462	138	325	427	398	412	298	7	381	457	280	19	295	22	136	337	403	275	381	332	140	336	426	365	167	372	333	374	449	
30	479	18	364	342	285	370	7	379	24	412	417	262	220	396	365	182	6	468	457	0	355	411	232	7	338	355	410	376	165	415	20	473	34	37	452	291	382	13	438	330	0	338	316	438	319	194	407	100	338	403	306	356	277	395	457	390	44	285	6	104	330	307	345	338	325	57	382	356	412	9	413	476	109	327	446	432	418	280	7	382	394	303	19	311	22	150	400	375	297	346	382	139	311	396	403	215	403	331	341	430	
31	0	0	0	0	0	0	0	0	0	0	0	0	0	0	0	0	0	0	0	0	0	0	0	0	0	0	0	0	0	0	0	0	0	0	0	0	0	0	0	0	0	0	0	0	0	0	0	0	0	0	0	0	0	0	0	0	0	0	0	0	0	0	0	0	0	0	0	0	0	0	0	0	0	0	0	0	0	0	0	0	0	0	0	0	0	0	0	0	0	0	0	0	0	0	0	0	0	0	0	0	
--- Int Nat               --
Ite	f0	f1	f2	f3	f4	f5	f6	f7	f8	f9	f10	f11	f12	f13	f14	f15	f16	f17	f18	f19	f20	f21	f22	f23	f24	f25	f26	f27	f28	f29	f30	f31	f32	f33	f34	f35	f36	f37	f38	f39	f40	f41	f42	f43	f44	f45	f46	f47	f48	f49	f50	f51	f52	f53	f54	f55	f56	f57	f58	f59	f60	f61	f62	f63	f64	f65	f66	f67	f68	f69	f70	f71	f72	f73	f74	f75	f76	f77	f78	f79	f80	f81	f82	f83	f84	f85	f86	f87	f88	f89	f90	f91	f92	f93	f94	f95	f96	f97	f98	f99	
0	463	330	425	436	417	406	414	427	356	419	403	484	449	443	369	396	323	478	483	352	443	435	357	287	455	465	488	400	436	432	450	440	285	362	424	427	480	339	462	427	356	430	468	457	433	420	430	418	461	457	414	507	434	442	491	438	403	427	385	446	472	425	439	419	446	384	448	433	425	389	440	466	419	436	408	438	424	405	403	398	454	376	377	423	375	444	469	441	457	420	404	382	474	486	377	394	475	434	434	491	
1	388	203	480	401	365	442	354	385	214	436	377	409	408	358	342	386	122	439	482	164	357	395	318	54	423	432	459	353	403	443	411	455	150	216	376	432	459	109	459	483	149	403	485	370	359	337	370	345	381	416	323	501	388	382	480	416	300	469	298	271	389	366	381	427	422	300	344	410	403	115	439	451	374	365	485	414	357	326	212	381	479	331	238	390	121	401	433	372	401	390	405	213	409	474	394	289	437	339	333	402	
2	451	38	448	350	331	430	198	385	95	441	423	380	415	389	298	322	23	434	459	69	334	436	257	10	386	458	455	355	294	380	347	404	50	106	385	401	452	19	406	428	51	321	471	380	330	313	381	255	324	415	326	460	287	379	465	391	269	471	197	225	415	322	362	328	337	192	356	371	388	23	467	424	362	295	410	437	350	293	41	413	442	292	83	355	26	335	341	404	324	371	416	116	365	463	380	243	443	353	299	420	
3	444	22	376	308	375	399	39	380	40	402	414	386	394	343	295	271	7	475	436	64	297	429	195	10	412	391	413	395	215	390	248	438	36	32	429	352	417	9	338	399	41	342	437	420	346	230	385	169	315	423	318	404	317	376	429	394	211	444	120	172	381	258	411	346	432	75	374	395	395	12	441	374	369	322	357	418	426	317	4	394	410	272	32	334	22	310	420	391	325	444	427	138	367	376	396	276	411	384	338	492	
4	449	25	384	375	367	406	20	364	20	410	373	278	373	332	407	188	6	485	458	57	250	468	185	9	407	312	428	334	232	472	172	394	32	29	386	311	375	12	396	346	19	298	419	427	333	210	327	116	325	394	272	409	318	410	414	388	199	470	27	136	378	245	434	323	441	61	351	391	436	9	405	433	418	373	451	410	428	310	4	352	409	273	8	283	27	261	370	423	292	391	425	119	358	393	429	277	398	378	389	472	
5	398	14	365	346	301	358	14	414	23	443	342	260	345	365	358	129	6	398	466	72	294	438	263	9	366	323	432	312	210	453	46	367	35	36	430	296	375	13	432	308	2	314	421	380	363	156	287	105	338	442	267	476	333	381	476	387	183	389	8	206	343	234	357	286	418	66	366	366	400	9	355	446	384	355	448	403	396	277	6	378	425	287	14	340	19	269	361	354	336	408	423	102	364	448	420	289	393	387	376	474	
6	373	15	359	365	242	376	9	351	23	376	325	246	314	420	349	138	6	500	496	50	299	501	248	8	366	334	366	333	221	408	30	429	29	38	418	299	463	13	409	331	1	346	450	364	368	162	312	132	363	399	261	419	313	359	501	353	228	331	7	220	319	241	371	304	420	65	362	385	394	9	399	445	437	389	442	433	383	277	7	362	417	260	17	222	22	285	379	350	286	433	370	108	338	448	396	253	418	396	394	471	
7	405	18	445	312	319	343	8	346	32	355	385	226	309	402	361	170	6	414	440	30	286	452	198	7	377	267	397	360	172	471	18	398	32	44	387	299	470	13	368	388	0	332	435	380	345	177	387	135	360	491	223	427	297	316	460	426	175	310	7	276	303	223	391	343	394	50	386	384	419	9	434	476	382	348	425	454	388	261	7	385	379	272	17	316	21	289	320	370	330	445	406	121	334	460	412	290	395	374	348	469	
8	404	17	426	285	250	364	7	441	37	388	395	226	325	390	406	176	6	401	454	17	266	362	180	7	368	291	428	309	215	406	20	465	31	39	372	337	401	13	384	373	0	383	435	375	343	189	358	110	337	415	245	464	259	327	456	352	219	336	7	256	275	219	414	320	401	59	400	365	441	9	404	454	369	356	438	485	407	260	7	343	440	315	17	294	22	261	374	424	338	423	295	124	338	428	424	321	412	360	340	492	
9	405	18	399	372	204	368	7	484	37	357	371	233	324	436	330	177	6	360	461	8	289	403	214	7	417	245	420	320	238	422	20	460	35	36	305	359	365	13	387	409	0	384	423	374	323	138	352	145	356	357	243	434	274	311	446	387	206	331	7	214	319	230	433	249	369	50	402	326	467	9	402	449	443	302	361	411	406	258	7	335	421	342	19	270	22	274	385	408	311	444	324	134	313	432	375	314	465	375	396	472	
10	408	18	413	372	222	424	7	464	28	400	364	258	335	403	373	167	6	396	454	3	293	426	181	7	407	245	415	378	278	422	21	423	35	36	391	401	391	13	314	404	0	336	425	378	336	135	358	142	306	382	238	399	316	339	477	375	210	299	6	228	260	215	389	340	353	57	339	346	453	9	419	438	350	338	409	436	405	292	7	313	460	289	19	279	22	300	406	396	275	380	405	116	274	450	421	239	408	406	398	453	
11	475	18	449	302	245	437	7	400	27	385	363	261	415	368	387	208	6	425	426	2	206	428	218	7	421	258	418	390	244	406	19	464	33	41	370	391	463	13	346	469	0	347	396	433	335	147	347	107	386	430	200	376	295	338	442	360	184	368	6	195	293	240	393	329	398	55	429	386	369	9	396	462	388	363	393	458	429	265	7	289	463	241	19	327	21	316	318	370	228	402	392	93	327	425	398	285	411	395	389	479	
12	416	18	381	276	238	470	7	397	29	346	385	295	379	340	404	206	6	422	383	0	244	413	230	7	396	265	393	391	175	427	20	423	35	43	388	371	427	13	351	422	0	284	468	410	328	215	404	106	365	413	212	403	315	280	480	339	185	325	6	229	342	272	378	368	377	58	393	364	343	9	455	448	423	353	393	443	396	264	7	228	461	231	19	325	21	274	329	381	196	379	384	102	279	415	361	215	374	390	371	471	
13	435	18	376	268	251	394	7	376	28	335	395	290	365	314	379	143	6	413	460	0	324	401	270	7	387	256	402	377	172	437	20	406	32	42	420	368	367	13	356	376	0	287	425	387	305	211	410	125	353	434	226	413	273	244	471	363	168	327	6	163	296	332	350	377	467	53	373	380	412	9	397	472	435	347	451	396	400	216	7	258	397	237	19	318	22	333	398	383	247	363	423	94	327	370	434	261	376	383	386	470	
14	504	18	378	307	317	482	7	387	31	354	376	308	304	308	382	146	6	395	446	0	322	456	273	7	341	267	392	377	201	419	20	454	32	37	471	366	404	13	453	354	0	271	366	448	301	187	426	153	326	437	264	454	284	243	441	406	147	282	6	131	326	315	389	361	456	58	365	364	458	9	366	396	423	390	485	433	439	199	7	311	445	234	19	348	22	284	382	395	287	408	401	100	373	450	409	317	387	345	388	446	
15	392	17	417	310	258	389	7	334	28	342	440	275	252	370	353	140	6	443	502	0	236	418	258	7	423	256	429	353	181	457	20	409	32	38	413	312	398	13	375	385	0	321	321	480	343	190	406	150	365	479	329	458	317	322	455	426	136	313	6	134	240	340	402	310	408	58	458	326	430	9	437	366	345	356	435	408	399	261	7	301	410	277	19	389	22	261	313	393	284	383	425	113	380	448	362	282	408	326	402	465	
16	420	18	363	348	269	432	7	401	31	270	411	308	294	438	342	134	6	459	495	0	294	383	254	7	405	237	477	351	172	468	20	436	32	38	420	320	340	13	326	387	0	299	359	439	300	154	366	144	419	484	290	466	318	344	405	426	113	291	6	126	318	292	439	319	386	59	388	355	416	9	414	436	302	325	477	438	399	245	7	351	398	307	19	358	22	307	316	390	315	358	440	109	309	430	446	288	357	361	419	412	
17	426	18	383	348	296	398	7	424	27	285	361	286	328	392	333	154	6	415	433	0	290	379	177	7	420	254	433	356	195	450	20	409	32	38	407	261	438	13	331	333	0	304	385	388	296	121	377	136	423	411	236	465	304	375	399	372	88	317	6	125	318	265	345	399	432	57	350	284	370	9	407	460	386	349	451	415	447	267	7	385	388	314	19	351	22	301	341	370	366	368	373	115	275	445	418	219	381	341	367	426	
18	506	18	370	324	303	393	7	417	31	336	346	297	366	348	328	172	6	468	425	0	288	383	179	7	423	300	410	356	164	474	20	456	32	41	410	292	433	13	310	371	0	293	429	396	338	131	394	153	367	455	244	435	285	384	417	395	79	357	6	115	343	288	335	365	444	57	375	350	415	9	442	447	364	441	425	445	407	250	7	390	414	284	19	422	22	337	384	402	379	424	420	107	305	461	430	245	366	337	328	432	
19	459	18	315	316	325	393	7	375	28	320	330	269	345	323	312	156	6	408	463	0	276	440	230	7	382	341	396	375	182	465	20	430	32	38	387	281	488	13	313	353	0	309	427	441	356	157	424	146	414	460	237	415	304	337	391	405	36	339	6	117	295	279	437	338	363	57	379	332	401	9	412	436	338	403	377	403	442	269	7	386	367	230	19	395	22	276	340	368	323	424	390	113	294	442	382	273	386	397	382	455	
20	445	18	301	360	351	380	7	415	31	322	342	268	312	373	359	148	6	403	434	0	262	429	275	7	366	291	388	318	175	444	20	423	32	36	411	300	452	13	360	346	0	374	369	382	325	230	364	135	393	456	224	391	309	324	415	429	49	355	6	129	268	254	375	288	358	58	333	348	388	9	362	428	359	347	393	444	402	256	7	398	429	236	19	309	22	244	392	364	309	387	366	125	259	420	360	277	416	387	357	467	
21	422	18	343	359	326	350	7	457	28	354	375	302	331	373	375	172	6	368	375	0	256	445	204	7	334	319	392	287	213	458	20	381	33	38	367	280	429	13	308	373	0	374	349	401	349	254	287	113	385	492	205	404	300	320	422	401	31	326	6	153	264	265	359	263	354	58	365	341	373	9	466	451	373	420	468	415	414	247	7	350	444	225	19	301	21	249	390	355	273	351	369	137	269	410	382	277	346	377	341	497	
22	461	18	352	308	326	337	7	430	30	286	397	330	355	407	412	175	6	404	420	0	303	477	230	7	386	320	393	276	233	478	20	416	34	40	397	259	449	13	375	347	0	386	284	420	327	262	304	117	387	432	198	438	301	369	375	388	41	292	6	109	340	230	358	339	322	57	330	296	367	9	387	475	384	419	478	433	415	254	7	318	454	266	19	381	22	240	402	337	298	323	425	118	312	396	460	191	337	310	325	509	
23	379	18	379	301	361	301	7	370	28	333	364	329	354	472	355	150	6	419	470	0	264	453	204	7	391	349	381	352	216	427	20	505	33	37	368	230	400	13	405	380	0	352	367	371	274	229	331	108	409	475	206	402	275	384	433	445	34	307	6	92	314	200	428	342	367	57	281	307	416	9	451	470	374	343	493	386	426	203	7	367	446	289	19	375	22	256	416	351	356	397	395	85	338	449	402	264	389	405	328	482	
24	417	18	397	317	290	362	7	336	32	377	359	294	347	401	382	184	6	409	447	0	268	413	192	7	406	316	386	376	200	377	20	441	33	38	416	263	393	13	409	383	0	317	349	325	291	192	346	128	389	497	220	398	285	400	391	444	57	407	6	99	314	188	409	375	336	57	380	325	432	9	474	438	380	380	472	380	361	166	7	368	462	274	19	371	22	302	410	410	324	360	404	89	291	393	449	222	458	362	277	457	
25	469	18	424	302	269	359	7	398	27	359	407	232	345	402	401	176	6	402	517	0	265	440	189	7	354	314	380	328	208	425	20	384	32	38	448	278	397	13	412	325	0	289	333	375	319	156	336	154	443	427	199	455	342	366	397	422	46	364	6	120	315	220	391	405	332	57	409	339	433	9	452	454	311	385	446	363	352	208	7	359	486	309	19	313	22	270	360	357	213	361	390	78	305	479	406	273	464	384	303	517	
26	412	18	404	314	258	382	7	403	32	372	384	271	400	409	411	139	6	420	511	0	331	392	201	7	430	344	392	358	234	437	20	349	32	36	407	270	430	13	391	428	0	289	378	347	384	159	287	164	441	427	300	441	356	369	409	415	60	308	6	190	279	216	374	367	360	57	342	326	353	9	354	408	295	346	406	398	398	178	7	402	463	341	19	340	22	241	340	342	255	351	401	106	280	457	407	266	393	427	348	476	
27	359	18	435	268	302	377	7	422	29	395	396	343	325	406	314	120	6	467	466	0	339	406	215	7	313	240	403	311	228	427	20	389	33	37	389	339	444	13	377	451	0	318	373	353	377	186	324	110	372	415	279	482	340	388	475	444	50	294	6	171	323	308	352	395	385	57	323	345	390	9	409	427	290	382	442	411	394	178	7	383	456	302	19	315	22	278	355	379	268	409	355	120	294	444	367	264	354	441	328	452	
28	450	18	446	281	280	376	7	399	29	371	352	358	286	311	409	138	6	435	410	0	374	419	280	7	346	294	360	301	217	434	20	459	33	39	372	287	425	13	336	429	0	390	376	362	292	217	394	128	345	462	302	448	375	375	452	410	46	291	6	177	327	293	398	358	348	57	340	318	377	9	377	492	245	442	487	415	441	255	7	393	408	324	19	302	21	196	317	384	294	429	373	95	375	391	352	207	387	338	340	416	
29	443	18	444	332	258	354	7	400	29	326	411	312	275	386	362	166	6	415	426	0	337	483	331	7	395	272	373	346	186	474	20	402	33	36	374	311	387	13	398	363	0	350	358	393	363	236	423	132	358	455	348	387	294	354	415	405	37	297	6	152	300	338	428	324	315	57	307	324	392	9	381	483	174	375	420	403	415	265	7	409	464	307	19	323	22	162	313	362	270	420	333	121	341	422	341	188	406	378	370	456	
30	473	18	381	336	290	389	7	389	29	407	430	272	240	438	354	178	6	465	472	0	337	451	272	7	343	367	426	406	186	420	20	467	33	37	441	316	398	13	451	371	0	373	345	416	346	219	390	98	352	404	293	347	311	329	449	402	47	291	6	131	367	333	363	333	332	57	341	356	415	9	426	485	109	290	453	410	434	277	7	371	417	296	19	298	22	131	364	393	311	347	367	138	316	391	392	202	384	321	366	440	
--- Errors               --
Ite	f0	f1	f2	f3	f4	f5	f6	f7	f8	f9	f10	f11	f12	f13	f14	f15	f16	f17	f18	f19	f20	f21	f22	f23	f24	f25	f26	f27	f28	f29	f30	f31	f32	f33	f34	f35	f36	f37	f38	f39	f40	f41	f42	f43	f44	f45	f46	f47	f48	f49	f50	f51	f52	f53	f54	f55	f56	f57	f58	f59	f60	f61	f62	f63	f64	f65	f66	f67	f68	f69	f70	f71	f72	f73	f74	f75	f76	f77	f78	f79	f80	f81	f82	f83	f84	f85	f86	f87	f88	f89	f90	f91	f92	f93	f94	f95	f96	f97	f98	f99	
0	167	67	158	119	134	155	119	146	89	172	143	162	147	136	120	147	44	172	183	66	124	152	98	43	180	171	180	104	171	197	136	161	64	108	153	131	189	63	122	132	72	130	154	156	159	114	163	110	137	171	137	193	149	142	198	131	113	168	125	105	141	120	158	145	153	95	118	141	134	81	151	165	120	137	150	149	146	131	102	143	198	106	94	136	73	183	147	146	150	184	143	75	175	194	145	112	183	165	110	164	
1	132	13	130	83	108	127	73	122	31	149	122	131	124	107	113	115	8	137	195	21	97	123	69	7	132	136	113	110	117	164	91	140	15	54	141	93	160	2	124	140	17	83	154	122	121	74	114	66	91	160	57	197	93	104	182	120	77	149	44	54	108	96	143	123	120	37	117	111	109	9	139	140	118	111	150	126	129	90	24	104	179	79	28	113	4	124	162	123	131	153	113	36	116	167	147	66	142	136	70	120	
2	164	2	116	82	71	126	14	125	5	151	134	123	100	110	90	81	0	150	171	18	81	154	66	4	128	130	105	127	68	154	60	132	8	16	159	93	135	2	114	132	11	79	140	132	104	38	122	47	81	162	58	179	82	120	207	114	56	157	28	43	105	82	134	103	106	11	95	107	108	1	149	114	136	108	125	120	130	85	8	102	144	58	9	94	4	107	140	124	115	133	91	32	101	155	111	58	158	144	67	116	
3	159	2	89	74	62	74	1	118	6	134	115	101	106	116	100	51	2	180	171	19	75	162	49	4	126	123	92	126	42	151	37	117	10	13	149	93	105	3	87	120	8	56	123	134	110	46	110	50	101	141	51	154	66	89	170	112	34	125	4	40	59	64	136	109	102	3	93	130	132	2	137	136	109	123	132	124	133	95	5	118	138	41	2	93	2	94	146	116	103	144	100	38	85	123	136	68	115	131	82	166	
4	166	4	54	101	77	81	2	116	6	166	124	65	108	120	111	31	2	169	152	18	64	145	50	3	88	84	131	133	49	157	22	108	10	14	148	80	127	2	102	94	9	61	126	119	96	39	106	57	102	127	43	145	67	87	163	108	36	126	2	45	55	56	153	101	111	4	106	128	99	2	141	145	109	134	140	136	122	93	3	93	148	44	1	91	2	111	112	136	89	128	114	34	96	111	135	66	109	115	93	145	
5	154	4	62	90	54	84	2	107	6	140	127	60	97	105	111	28	2	116	154	20	80	124	57	2	74	54	115	135	49	137	5	95	10	17	137	80	127	2	89	65	9	85	103	116	99	44	101	46	83	142	56	198	60	89	175	95	41	104	2	46	54	63	130	94	114	6	108	103	106	2	136	140	126	114	169	147	119	78	3	99	123	48	1	82	2	82	106	122	74	146	105	34	128	140	115	72	102	89	87	140	
6	126	4	62	65	55	83	2	102	5	105	136	55	79	120	85	25	2	120	145	20	76	157	43	1	92	40	106	135	61	165	4	118	10	17	138	78	159	2	87	63	9	71	124	115	92	40	113	43	105	141	30	187	68	79	220	114	32	80	2	60	67	57	130	87	132	7	102	106	110	2	121	113	144	115	161	156	122	82	1	104	132	48	0	75	2	90	123	114	73	164	77	34	92	170	107	59	107	118	74	128	
7	150	4	84	49	63	97	3	91	3	104	123	61	75	108	80	32	2	121	171	20	73	133	50	2	111	42	108	133	65	141	3	97	10	17	138	65	146	2	89	77	9	70	140	124	108	41	122	46	107	120	27	157	70	63	204	116	31	71	2	56	85	54	147	105	137	10	106	93	86	2	112	123	166	107	147	142	124	79	1	104	111	47	1	77	2	91	111	107	76	179	91	37	100	148	108	67	103	135	81	151	
8	144	4	148	53	46	95	3	85	2	92	106	54	82	122	81	28	2	122	177	20	68	122	48	1	109	54	112	128	68	131	3	112	10	15	144	65	125	2	102	72	9	94	117	136	105	52	112	47	108	108	40	167	67	48	167	108	38	66	2	60	79	57	134	83	137	11	112	88	99	2	131	138	142	105	114	139	164	73	0	101	135	62	1	76	2	93	106	102	75	151	84	34	90	154	143	79	94	118	81	146	
9	152	4	125	59	52	98	3	121	2	109	102	48	76	115	80	22	2	98	191	20	77	121	49	1	135	61	106	129	54	130	3	128	10	15	130	77	106	2	99	93	9	97	93	104	103	46	113	42	93	105	46	183	56	53	177	89	30	64	2	57	69	59	131	80	122	11	98	93	137	2	138	165	145	96	114	146	119	73	0	92	173	63	1	85	2	99	107	98	75	152	66	41	75	153	134	63	117	114	109	148	
10	159	4	123	73	60	83	3	127	4	81	114	56	73	120	78	31	2	105	180	20	78	126	47	1	136	77	122	124	67	149	3	148	10	17	142	107	121	2	82	106	9	76	116	110	107	50	120	59	110	117	45	173	57	48	185	104	36	64	2	44	51	67	108	86	115	12	76	112	103	2	139	159	112	109	114	142	127	67	1	82	139	68	2	92	2	103	103	117	73	156	87	42	86	143	146	58	121	126	83	155	
11	155	4	118	58	49	134	3	86	2	88	115	53	92	119	85	32	2	99	192	20	76	150	49	1	136	64	141	144	58	150	2	137	10	16	156	105	119	2	87	104	9	78	110	148	108	45	125	45	97	119	50	176	58	49	175	113	31	66	2	51	57	61	125	85	142	11	85	113	89	2	122	124	122	91	122	161	121	58	1	94	151	65	2	95	2	96	93	108	69	138	86	39	85	124	130	70	126	127	82	171	
12	148	4	95	79	51	121	3	102	4	83	123	61	97	112	97	33	2	105	184	20	84	103	45	1	122	59	121	131	75	152	2	142	10	16	170	85	139	2	87	78	9	52	121	150	100	63	122	42	69	113	41	181	73	43	181	124	30	68	2	63	79	54	107	68	137	13	100	111	96	2	149	159	128	100	119	157	107	62	1	94	153	69	2	69	2	94	97	118	58	123	89	37	81	117	121	60	124	112	88	149	
13	156	4	100	78	56	131	3	82	2	69	137	57	95	105	106	27	2	114	171	20	89	144	56	1	115	67	123	124	62	145	2	119	10	16	172	71	130	2	99	107	9	56	114	136	92	51	132	51	65	134	40	157	82	37	193	99	30	90	2	63	83	73	125	106	130	13	107	113	93	2	129	121	150	91	167	134	112	62	1	84	136	52	2	69	2	87	107	141	55	140	97	35	92	125	131	64	119	102	106	159	
14	177	4	109	98	53	131	3	111	4	87	112	49	84	100	116	29	2	102	199	20	69	129	64	1	101	65	119	128	70	148	2	120	10	15	151	70	148	2	102	74	9	69	104	136	83	51	117	54	77	150	45	182	79	37	187	113	28	65	2	64	70	61	136	102	124	13	99	111	143	2	115	127	146	103	153	144	121	75	1	101	142	39	2	76	2	81	116	118	66	156	119	37	98	133	117	62	112	101	89	152	
15	157	4	114	96	51	126	3	89	2	68	144	59	71	88	122	25	2	111	212	20	75	119	62	1	136	61	116	143	51	142	2	122	10	15	139	76	135	2	104	89	9	73	118	143	89	50	107	44	79	179	67	197	68	59	195	134	23	78	2	65	54	65	145	90	124	13	114	99	118	2	121	120	132	101	171	137	132	63	1	88	140	40	2	79	2	82	111	98	66	125	137	35	101	154	103	62	122	94	78	171	
16	133	4	106	95	57	127	3	93	4	100	132	59	88	97	110	29	2	118	195	20	73	142	60	1	138	55	140	136	61	153	2	128	10	17	121	55	126	2	74	87	9	44	111	122	95	52	107	44	93	201	63	195	77	70	163	123	25	71	2	67	63	73	132	109	145	13	90	99	101	2	142	123	113	104	108	174	134	52	1	100	152	50	2	107	2	77	116	69	49	125	106	33	91	150	114	64	107	70	86	140	
17	130	4	118	95	59	119	3	101	2	94	110	43	82	105	80	21	2	102	191	20	64	100	48	1	115	51	140	123	65	168	2	107	10	16	135	65	126	2	82	84	9	53	115	119	92	55	113	45	125	187	50	170	68	72	183	92	24	68	2	66	75	59	106	91	136	13	89	88	106	2	131	173	124	113	145	171	122	65	1	91	120	70	2	103	2	81	113	86	58	141	102	33	98	122	101	55	131	89	80	164	
18	147	4	72	90	62	105	3	136	4	117	110	39	87	98	75	18	2	127	191	20	55	85	46	1	105	57	155	118	54	190	2	109	10	15	137	73	126	2	75	85	9	58	119	131	103	50	109	52	114	182	54	154	67	70	174	108	25	75	2	66	64	65	122	96	132	13	80	95	110	2	148	140	122	108	137	145	118	71	1	100	132	48	2	104	2	73	98	90	74	144	97	34	106	123	130	55	134	110	78	154	
19	134	4	69	85	69	109	3	130	2	119	115	40	77	110	70	22	2	113	199	20	65	112	39	1	123	50	111	130	45	187	2	123	10	16	155	69	155	2	97	82	9	73	101	118	112	41	99	38	95	169	46	159	57	71	164	121	24	79	2	66	58	65	135	92	102	13	86	104	84	2	138	116	107	132	112	132	108	62	1	96	131	49	2	84	2	64	107	90	82	130	103	38	100	114	130	56	133	119	88	133	
20	160	4	65	94	72	85	3	94	4	96	118	62	62	119	75	18	2	124	210	20	75	105	47	1	92	64	81	117	48	184	2	135	10	15	147	51	157	2	81	80	9	86	96	98	103	50	95	49	112	166	46	189	88	88	174	143	27	92	2	69	51	54	142	81	97	13	71	65	90	2	128	82	113	103	114	129	125	70	1	106	182	53	2	72	2	76	103	97	81	146	110	38	98	107	111	63	118	121	67	134	
21	175	4	69	100	59	79	3	133	2	109	119	59	72	122	75	16	2	115	197	20	68	138	51	1	89	84	85	129	46	194	2	147	10	15	137	49	126	2	87	79	9	102	97	96	111	66	97	48	110	191	48	178	82	72	192	107	24	78	2	68	65	52	124	81	94	13	63	60	71	2	139	155	120	113	105	146	124	61	1	102	171	51	2	78	2	47	111	106	69	131	102	43	108	105	119	66	104	122	59	157	
22	161	4	82	79	68	71	3	128	5	88	121	49	81	121	99	20	2	129	188	20	73	140	58	1	108	95	99	136	63	166	2	155	10	17	149	45	121	2	82	75	9	102	102	97	101	56	84	50	116	195	42	183	69	76	176	113	26	78	2	67	75	63	141	89	92	13	60	63	82	2	131	158	116	131	159	167	104	59	1	100	174	47	2	76	2	57	147	88	72	116	122	38	106	102	155	61	101	99	49	172	
23	129	4	94	82	70	46	3	102	2	88	118	59	90	126	95	11	2	140	181	20	75	131	56	1	106	82	84	135	60	150	2	156	10	17	146	53	98	2	84	79	9	80	95	106	94	48	91	41	99	225	41	165	71	105	160	112	24	65	2	67	80	54	132	113	70	13	80	69	95	2	138	164	83	128	167	131	104	65	1	106	170	55	2	86	2	59	120	82	74	151	99	39	104	102	129	65	138	94	54	139	
24	129	4	89	87	70	64	3	125	5	82	126	56	94	142	96	13	2	120	212	20	71	118	59	1	106	84	92	140	45	134	2	125	10	15	157	40	109	2	87	88	9	75	96	99	97	33	84	51	104	155	57	161	62	116	166	98	26	91	2	70	96	41	129	107	71	13	95	84	94	2	114	134	75	141	146	123	111	55	1	102	144	47	2	94	2	49	113	76	70	135	94	35	108	126	140	60	146	116	50	154	
25	108	4	126	83	61	77	3	112	2	84	109	55	108	129	115	16	2	122	183	20	76	116	54	1	118	76	97	120	46	125	2	87	10	16	134	46	130	2	93	78	9	59	97	100	105	30	78	51	95	133	64	173	71	111	164	92	24	90	2	69	85	48	123	90	65	13	101	71	104	2	110	111	62	126	115	116	106	66	1	99	165	40	2	93	2	46	91	81	74	138	112	34	101	129	132	64	144	117	65	166	
26	119	4	145	70	46	69	3	100	5	92	110	51	99	127	108	22	2	113	198	20	81	114	38	1	127	92	112	123	47	135	2	93	10	17	140	57	142	2	106	91	9	56	102	86	112	39	80	47	108	107	61	179	74	98	161	110	25	86	2	67	79	49	119	86	71	13	81	76	111	2	119	110	59	113	102	111	117	59	1	111	190	45	2	88	2	49	89	98	67	139	87	38	87	160	159	66	125	139	73	132	
27	128	4	112	57	66	79	3	145	3	99	93	63	94	110	92	26	2	139	201	20	81	103	50	1	119	70	107	122	48	146	2	100	10	16	149	58	135	2	102	118	9	70	117	113	87	45	85	48	94	116	54	160	88	129	156	135	24	79	2	61	83	70	140	64	79	13	81	88	138	2	116	133	44	91	123	111	104	60	1	103	175	64	2	74	2	42	92	77	49	162	80	37	91	142	129	57	118	114	64	124	
28	130	4	118	67	42	90	3	88	5	92	84	59	64	96	105	23	2	133	205	20	83	123	74	1	102	58	94	109	54	175	2	103	10	17	133	71	105	2	71	85	9	88	119	101	72	44	75	49	94	147	61	159	87	91	154	125	24	72	2	58	89	65	133	72	80	13	88	95	116	2	119	145	26	94	138	132	108	66	1	100	162	57	2	80	2	29	79	129	62	133	78	34	94	117	127	50	115	106	89	133	
29	142	4	124	66	42	83	3	111	3	91	94	59	45	123	98	19	2	141	178	20	78	147	57	1	94	75	108	119	61	189	2	124	10	17	147	62	92	2	96	71	9	99	113	119	75	40	121	53	88	144	82	139	78	83	172	112	24	55	2	58	65	69	151	71	65	13	84	96	100	2	112	166	23	110	147	130	120	68	1	106	195	51	2	75	2	25	75	128	62	127	69	38	82	103	130	53	113	95	109	123	
30	162	4	113	75	50	75	3	95	5	104	133	60	45	138	89	17	2	162	167	20	70	141	50	1	97	95	124	125	68	163	2	130	10	15	146	61	114	2	105	40	9	92	97	128	99	42	114	47	81	132	70	145	60	74	192	129	25	53	2	56	69	57	106	85	64	13	92	91	104	2	129	170	14	90	152	135	134	75	1	106	205	49	2	71	2	32	95	138	68	130	69	38	67	106	121	47	109	99	111	131	
31	143	4	120	78	45	77	3	125	3	114	139	55	22	119	75	19	2	163	162	20	75	98	65	1	95	96	126	113	51	159	2	131	10	17	154	53	119	2	115	50	9	83	97	141	97	53	136	40	92	134	67	159	59	67	202	145	24	66	2	63	80	67	110	101	74	13	123	89	103	2	117	162	13	92	179	163	124	64	1	101	159	53	2	92	2	29	112	115	51	128	83	31	44	136	118	50	117	127	112	129	
-- Osc per ite (correct fr) --
--- Nat Nat               --
Ite	f0	f1	f2	f3	f4	f5	f6	f7	f8	f9	f10	f11	f12	f13	f14	f15	f16	f17	f18	f19	f20	f21	f22	f23	f24	f25	f26	f27	f28	f29	f30	f31	f32	f33	f34	f35	f36	f37	f38	f39	f40	f41	f42	f43	f44	f45	f46	f47	f48	f49	f50	f51	f52	f53	f54	f55	f56	f57	f58	f59	f60	f61	f62	f63	f64	f65	f66	f67	f68	f69	f70	f71	f72	f73	f74	f75	f76	f77	f78	f79	f80	f81	f82	f83	f84	f85	f86	f87	f88	f89	f90	f91	f92	f93	f94	f95	f96	f97	f98	f99	
0	270	303	232	264	257	271	227	254	210	277	315	312	263	288	256	254	258	237	238	242	287	255	274	286	238	267	304	307	289	279	228	277	241	326	210	219	302	250	265	243	296	228	257	242	298	240	280	214	308	309	276	219	256	257	290	325	265	239	268	284	308	272	263	269	286	272	270	273	292	257	295	244	252	205	247	276	258	224	233	283	253	289	289	300	245	322	230	291	214	217	170	239	266	319	238	223	255	258	274	229	
1	105	202	139	41	158	122	62	66	44	165	154	178	144	113	137	105	84	79	141	124	139	89	146	73	129	126	191	118	92	85	64	140	86	136	86	41	196	29	160	64	173	57	84	75	116	99	147	117	154	144	171	74	135	76	139	115	156	98	110	118	185	121	42	174	109	106	141	88	109	92	190	137	148	35	123	117	80	113	46	154	175	109	125	140	45	105	187	173	85	43	48	197	87	142	120	62	70	103	107	92	
2	4	69	22	0	11	16	3	0	3	83	34	92	10	3	59	30	5	5	54	30	52	13	53	6	5	5	76	8	0	7	6	64	33	18	0	14	69	3	8	0	19	0	6	5	37	5	40	14	31	50	86	4	22	10	15	15	55	2	14	7	104	19	0	68	7	17	17	5	70	22	73	16	21	1	22	37	19	49	9	54	84	19	77	17	8	9	80	46	17	6	0	164	24	42	31	8	6	24	34	11	
3	0	7	6	0	0	0	0	0	0	14	5	14	0	0	7	0	0	0	13	4	1	3	4	0	0	3	18	0	0	0	0	13	5	0	1	0	6	0	0	0	1	0	0	0	8	0	0	0	1	6	39	0	0	3	0	0	5	0	0	0	21	0	0	1	0	1	0	0	8	0	2	1	1	0	2	9	0	12	0	13	18	1	19	0	0	1	6	0	2	0	0	91	0	1	2	3	1	7	0	0	
4	0	0	0	0	0	0	0	0	0	0	0	0	0	0	0	0	0	0	0	0	0	0	2	0	0	0	1	0	0	0	0	1	0	0	0	0	0	0	0	0	0	0	0	0	0	0	0	0	0	0	6	0	0	0	0	0	0	0	0	0	4	0	0	0	0	0	0	0	0	0	0	0	0	0	0	0	0	0	0	0	0	0	0	0	0	0	0	0	0	0	0	13	0	0	0	0	0	1	1	0	
5	0	0	0	0	0	0	0	0	0	0	0	0	0	0	0	0	0	0	1	0	0	0	0	0	0	0	0	0	0	0	0	0	0	0	0	0	0	0	0	0	0	0	0	0	0	0	0	0	0	0	1	0	0	0	0	0	0	0	0	0	0	0	0	0	0	0	0	0	0	0	0	0	0	0	0	0	0	0	0	0	0	0	0	0	0	0	0	0	0	0	0	2	0	0	0	0	0	0	0	0	
6	0	0	0	0	0	0	0	0	0	0	0	0	0	0	0	0	0	0	0	0	0	0	0	0	0	0	0	0	0	0	0	0	0	0	0	0	0	0	0	0	0	0	0	0	0	0	0	0	0	0	0	0	0	0	0	0	0	0	0	0	0	0	0	0	0	0	0	0	0	0	0	0	0	0	0	0	0	0	0	0	0	0	0	0	0	0	0	0	0	0	0	0	0	0	0	0	0	0	0	0	
7	0	0	0	0	0	0	0	0	0	0	0	0	0	0	0	0	0	0	0	0	0	0	0	0	0	0	0	0	0	0	0	0	0	0	0	0	0	0	0	0	0	0	0	0	0	0	0	0	0	0	0	0	0	0	0	0	0	0	0	0	0	0	0	0	0	0	0	0	0	0	0	0	0	0	0	0	0	0	0	0	0	0	0	0	0	0	0	0	0	0	0	0	0	0	0	0	0	0	0	0	
8	0	0	0	0	0	0	0	0	0	0	0	0	0	0	0	0	0	0	0	0	0	0	0	0	0	0	0	0	0	0	0	0	0	0	0	0	0	0	0	0	0	0	0	0	0	0	0	0	0	0	0	0	0	0	0	0	0	0	0	0	0	0	0	0	0	0	0	0	0	0	0	0	0	0	0	0	0	0	0	0	0	0	0	0	0	0	0	0	0	0	0	0	0	0	0	0	0	0	0	0	
9	0	0	0	0	0	0	0	0	0	0	0	0	0	0	0	0	0	0	0	0	0	0	0	0	0	0	0	0	0	0	0	0	0	0	0	0	0	0	0	0	0	0	0	0	0	0	0	0	0	0	0	0	0	0	0	0	0	0	0	0	0	0	0	0	0	0	0	0	0	0	0	0	0	0	0	0	0	0	0	0	0	0	0	0	0	0	0	0	0	0	0	0	0	0	0	0	0	0	0	0	
10	0	0	0	0	0	0	0	0	0	0	0	0	0	0	0	0	0	0	0	0	0	0	0	0	0	0	0	0	0	0	0	0	0	0	0	0	0	0	0	0	0	0	0	0	0	0	0	0	0	0	0	0	0	0	0	0	0	0	0	0	0	0	0	0	0	0	0	0	0	0	0	0	0	0	0	0	0	0	0	0	0	0	0	0	0	0	0	0	0	0	0	0	0	0	0	0	0	0	0	0	
11	0	0	0	0	0	0	0	0	0	0	0	0	0	0	0	0	0	0	0	0	0	0	0	0	0	0	0	0	0	0	0	0	0	0	0	0	0	0	0	0	0	0	0	0	0	0	0	0	0	0	0	0	0	0	0	0	0	0	0	0	0	0	0	0	0	0	0	0	0	0	0	0	0	0	0	0	0	0	0	0	0	0	0	0	0	0	0	0	0	0	0	0	0	0	0	0	0	0	0	0	
12	0	0	0	0	0	0	0	0	0	0	0	0	0	0	0	0	0	0	0	0	0	0	0	0	0	0	0	0	0	0	0	0	0	0	0	0	0	0	0	0	0	0	0	0	0	0	0	0	0	0	0	0	0	0	0	0	0	0	0	0	0	0	0	0	0	0	0	0	0	0	0	0	0	0	0	0	0	0	0	0	0	0	0	0	0	0	0	0	0	0	0	0	0	0	0	0	0	0	0	0	
13	0	0	0	0	0	0	0	0	0	0	0	0	0	0	0	0	0	0	0	0	0	0	0	0	0	0	0	0	0	0	0	0	0	0	0	0	0	0	0	0	0	0	0	0	0	0	0	0	0	0	0	0	0	0	0	0	0	0	0	0	0	0	0	0	0	0	0	0	0	0	0	0	0	0	0	0	0	0	0	0	0	0	0	0	0	0	0	0	0	0	0	0	0	0	0	0	0	0	0	0	
14	0	0	0	0	0	0	0	0	0	0	0	0	0	0	0	0	0	0	0	0	0	0	0	0	0	0	0	0	0	0	0	0	0	0	0	0	0	0	0	0	0	0	0	0	0	0	0	0	0	0	0	0	0	0	0	0	0	0	0	0	0	0	0	0	0	0	0	0	0	0	0	0	0	0	0	0	0	0	0	0	0	0	0	0	0	0	0	0	0	0	0	0	0	0	0	0	0	0	0	0	
15	0	0	0	0	0	0	0	0	0	0	0	0	0	0	0	0	0	0	0	0	0	0	0	0	0	0	0	0	0	0	0	0	0	0	0	0	0	0	0	0	0	0	0	0	0	0	0	0	0	0	0	0	0	0	0	0	0	0	0	0	0	0	0	0	0	0	0	0	0	0	0	0	0	0	0	0	0	0	0	0	0	0	0	0	0	0	0	0	0	0	0	0	0	0	0	0	0	0	0	0	
16	0	0	0	0	0	0	0	0	0	0	0	0	0	0	0	0	0	0	0	0	0	0	0	0	0	0	0	0	0	0	0	0	0	0	0	0	0	0	0	0	0	0	0	0	0	0	0	0	0	0	0	0	0	0	0	0	0	0	0	0	0	0	0	0	0	0	0	0	0	0	0	0	0	0	0	0	0	0	0	0	0	0	0	0	0	0	0	0	0	0	0	0	0	0	0	0	0	0	0	0	
17	0	0	0	0	0	0	0	0	0	0	0	0	0	0	0	0	0	0	0	0	0	0	0	0	0	0	0	0	0	0	0	0	0	0	0	0	0	0	0	0	0	0	0	0	0	0	0	0	0	0	0	0	0	0	0	0	0	0	0	0	0	0	0	0	0	0	0	0	0	0	0	0	0	0	0	0	0	0	0	0	0	0	0	0	0	0	0	0	0	0	0	0	0	0	0	0	0	0	0	0	
18	0	0	0	0	0	0	0	0	0	0	0	0	0	0	0	0	0	0	0	0	0	0	0	0	0	0	0	0	0	0	0	0	0	0	0	0	0	0	0	0	0	0	0	0	0	0	0	0	0	0	0	0	0	0	0	0	0	0	0	0	0	0	0	0	0	0	0	0	0	0	0	0	0	0	0	0	0	0	0	0	0	0	0	0	0	0	0	0	0	0	0	0	0	0	0	0	0	0	0	0	
19	0	0	0	0	0	0	0	0	0	0	0	0	0	0	0	0	0	0	0	0	0	0	0	0	0	0	0	0	0	0	0	0	0	0	0	0	0	0	0	0	0	0	0	0	0	0	0	0	0	0	0	0	0	0	0	0	0	0	0	0	0	0	0	0	0	0	0	0	0	0	0	0	0	0	0	0	0	0	0	0	0	0	0	0	0	0	0	0	0	0	0	0	0	0	0	0	0	0	0	0	
20	0	0	0	0	0	0	0	0	0	0	0	0	0	0	0	0	0	0	0	0	0	0	0	0	0	0	0	0	0	0	0	0	0	0	0	0	0	0	0	0	0	0	0	0	0	0	0	0	0	0	0	0	0	0	0	0	0	0	0	0	0	0	0	0	0	0	0	0	0	0	0	0	0	0	0	0	0	0	0	0	0	0	0	0	0	0	0	0	0	0	0	0	0	0	0	0	0	0	0	0	
21	0	0	0	0	0	0	0	0	0	0	0	0	0	0	0	0	0	0	0	0	0	0	0	0	0	0	0	0	0	0	0	0	0	0	0	0	0	0	0	0	0	0	0	0	0	0	0	0	0	0	0	0	0	0	0	0	0	0	0	0	0	0	0	0	0	0	0	0	0	0	0	0	0	0	0	0	0	0	0	0	0	0	0	0	0	0	0	0	0	0	0	0	0	0	0	0	0	0	0	0	
22	0	0	0	0	0	0	0	0	0	0	0	0	0	0	0	0	0	0	0	0	0	0	0	0	0	0	0	0	0	0	0	0	0	0	0	0	0	0	0	0	0	0	0	0	0	0	0	0	0	0	0	0	0	0	0	0	0	0	0	0	0	0	0	0	0	0	0	0	0	0	0	0	0	0	0	0	0	0	0	0	0	0	0	0	0	0	0	0	0	0	0	0	0	0	0	0	0	0	0	0	
23	0	0	0	0	0	0	0	0	0	0	0	0	0	0	0	0	0	0	0	0	0	0	0	0	0	0	0	0	0	0	0	0	0	0	0	0	0	0	0	0	0	0	0	0	0	0	0	0	0	0	0	0	0	0	0	0	0	0	0	0	0	0	0	0	0	0	0	0	0	0	0	0	0	0	0	0	0	0	0	0	0	0	0	0	0	0	0	0	0	0	0	0	0	0	0	0	0	0	0	0	
24	0	0	0	0	0	0	0	0	0	0	0	0	0	0	0	0	0	0	0	0	0	0	0	0	0	0	0	0	0	0	0	0	0	0	0	0	0	0	0	0	0	0	0	0	0	0	0	0	0	0	0	0	0	0	0	0	0	0	0	0	0	0	0	0	0	0	0	0	0	0	0	0	0	0	0	0	0	0	0	0	0	0	0	0	0	0	0	0	0	0	0	0	0	0	0	0	0	0	0	0	
25	0	0	0	0	0	0	0	0	0	0	0	0	0	0	0	0	0	0	0	0	0	0	0	0	0	0	0	0	0	0	0	0	0	0	0	0	0	0	0	0	0	0	0	0	0	0	0	0	0	0	0	0	0	0	0	0	0	0	0	0	0	0	0	0	0	0	0	0	0	0	0	0	0	0	0	0	0	0	0	0	0	0	0	0	0	0	0	0	0	0	0	0	0	0	0	0	0	0	0	0	
26	0	0	0	0	0	0	0	0	0	0	0	0	0	0	0	0	0	0	0	0	0	0	0	0	0	0	0	0	0	0	0	0	0	0	0	0	0	0	0	0	0	0	0	0	0	0	0	0	0	0	0	0	0	0	0	0	0	0	0	0	0	0	0	0	0	0	0	0	0	0	0	0	0	0	0	0	0	0	0	0	0	0	0	0	0	0	0	0	0	0	0	0	0	0	0	0	0	0	0	0	
27	0	0	0	0	0	0	0	0	0	0	0	0	0	0	0	0	0	0	0	0	0	0	0	0	0	0	0	0	0	0	0	0	0	0	0	0	0	0	0	0	0	0	0	0	0	0	0	0	0	0	0	0	0	0	0	0	0	0	0	0	0	0	0	0	0	0	0	0	0	0	0	0	0	0	0	0	0	0	0	0	0	0	0	0	0	0	0	0	0	0	0	0	0	0	0	0	0	0	0	0	
28	0	0	0	0	0	0	0	0	0	0	0	0	0	0	0	0	0	0	0	0	0	0	0	0	0	0	0	0	0	0	0	0	0	0	0	0	0	0	0	0	0	0	0	0	0	0	0	0	0	0	0	0	0	0	0	0	0	0	0	0	0	0	0	0	0	0	0	0	0	0	0	0	0	0	0	0	0	0	0	0	0	0	0	0	0	0	0	0	0	0	0	0	0	0	0	0	0	0	0	0	
29	0	0	0	0	0	0	0	0	0	0	0	0	0	0	0	0	0	0	0	0	0	0	0	0	0	0	0	0	0	0	0	0	0	0	0	0	0	0	0	0	0	0	0	0	0	0	0	0	0	0	0	0	0	0	0	0	0	0	0	0	0	0	0	0	0	0	0	0	0	0	0	0	0	0	0	0	0	0	0	0	0	0	0	0	0	0	0	0	0	0	0	0	0	0	0	0	0	0	0	0	
30	0	0	0	0	0	0	0	0	0	0	0	0	0	0	0	0	0	0	0	0	0	0	0	0	0	0	0	0	0	0	0	0	0	0	0	0	0	0	0	0	0	0	0	0	0	0	0	0	0	0	0	0	0	0	0	0	0	0	0	0	0	0	0	0	0	0	0	0	0	0	0	0	0	0	0	0	0	0	0	0	0	0	0	0	0	0	0	0	0	0	0	0	0	0	0	0	0	0	0	0	
--- Int Int               --
Ite	f0	f1	f2	f3	f4	f5	f6	f7	f8	f9	f10	f11	f12	f13	f14	f15	f16	f17	f18	f19	f20	f21	f22	f23	f24	f25	f26	f27	f28	f29	f30	f31	f32	f33	f34	f35	f36	f37	f38	f39	f40	f41	f42	f43	f44	f45	f46	f47	f48	f49	f50	f51	f52	f53	f54	f55	f56	f57	f58	f59	f60	f61	f62	f63	f64	f65	f66	f67	f68	f69	f70	f71	f72	f73	f74	f75	f76	f77	f78	f79	f80	f81	f82	f83	f84	f85	f86	f87	f88	f89	f90	f91	f92	f93	f94	f95	f96	f97	f98	f99	
0	169	249	185	159	212	186	149	161	99	208	252	208	175	169	188	155	130	177	145	171	184	154	187	138	165	181	218	177	159	121	126	199	142	215	152	145	249	98	178	141	241	159	129	172	201	181	202	172	225	169	183	154	202	160	203	167	181	168	149	168	236	194	110	215	153	157	199	122	203	187	176	176	193	98	131	193	154	173	162	177	228	178	209	234	114	163	231	213	186	114	104	229	211	204	207	99	163	200	219	165	
1	48	109	59	5	49	62	17	10	8	140	84	149	79	45	89	56	28	36	92	52	115	17	62	30	36	52	126	54	36	16	20	107	56	56	21	12	113	11	69	17	66	8	15	42	44	45	104	40	109	90	106	11	78	47	49	31	114	24	61	25	125	57	4	100	46	44	62	19	74	94	107	70	74	22	38	75	29	57	9	110	134	53	110	49	15	43	166	101	61	21	5	207	61	88	80	32	19	62	104	47	
2	0	29	32	0	1	0	0	0	1	52	21	41	3	0	16	2	0	0	41	19	17	13	18	3	0	4	48	1	0	9	1	48	9	2	1	0	34	0	2	0	4	0	1	0	19	0	9	8	3	20	76	0	3	7	5	0	20	0	3	1	56	1	0	10	4	1	1	0	41	0	7	2	2	0	4	10	1	9	2	34	72	1	32	2	3	1	49	9	7	0	0	141	3	21	11	11	6	18	7	1	
3	0	0	1	0	0	0	0	0	0	3	0	1	0	0	1	0	0	0	4	2	0	0	3	0	0	0	5	0	0	1	0	6	0	0	0	0	0	0	0	0	0	0	0	0	0	0	0	2	0	1	18	0	0	0	2	0	2	0	0	0	3	0	0	3	0	0	0	0	0	0	0	0	0	0	0	0	0	3	0	4	15	0	4	0	0	0	0	0	1	0	0	54	0	2	0	2	0	2	0	0	
4	0	0	1	0	0	0	0	0	0	0	0	0	0	0	0	0	0	0	1	0	0	0	0	0	0	0	0	0	0	0	0	0	0	0	0	0	0	0	0	0	0	0	0	0	0	0	0	0	0	0	0	0	0	0	0	0	0	0	0	0	0	0	0	0	0	0	0	0	0	0	0	0	0	0	0	0	0	0	0	0	0	0	0	0	0	0	0	0	0	0	0	2	0	0	0	0	0	0	0	0	
5	0	0	0	0	0	0	0	0	0	0	0	0	0	0	0	0	0	0	0	0	0	0	0	0	0	0	0	0	0	0	0	0	0	0	0	0	0	0	0	0	0	0	0	0	0	0	0	0	0	0	0	0	0	0	0	0	0	0	0	0	0	0	0	0	0	0	0	0	0	0	0	0	0	0	0	0	0	0	0	0	0	0	0	0	0	0	0	0	0	0	0	0	0	0	0	0	0	0	0	0	
6	0	0	0	0	0	0	0	0	0	0	0	0	0	0	0	0	0	0	0	0	0	0	0	0	0	0	0	0	0	0	0	0	0	0	0	0	0	0	0	0	0	0	0	0	0	0	0	0	0	0	0	0	0	0	0	0	0	0	0	0	0	0	0	0	0	0	0	0	0	0	0	0	0	0	0	0	0	0	0	0	0	0	0	0	0	0	0	0	0	0	0	0	0	0	0	0	0	0	0	0	
7	0	0	0	0	0	0	0	0	0	0	0	0	0	0	0	0	0	0	0	0	0	0	0	0	0	0	0	0	0	0	0	0	0	0	0	0	0	0	0	0	0	0	0	0	0	0	0	0	0	0	0	0	0	0	0	0	0	0	0	0	0	0	0	0	0	0	0	0	0	0	0	0	0	0	0	0	0	0	0	0	0	0	0	0	0	0	0	0	0	0	0	0	0	0	0	0	0	0	0	0	
8	0	0	0	0	0	0	0	0	0	0	0	0	0	0	0	0	0	0	0	0	0	0	0	0	0	0	0	0	0	0	0	0	0	0	0	0	0	0	0	0	0	0	0	0	0	0	0	0	0	0	0	0	0	0	0	0	0	0	0	0	0	0	0	0	0	0	0	0	0	0	0	0	0	0	0	0	0	0	0	0	0	0	0	0	0	0	0	0	0	0	0	0	0	0	0	0	0	0	0	0	
9	0	0	0	0	0	0	0	0	0	0	0	0	0	0	0	0	0	0	0	0	0	0	0	0	0	0	0	0	0	0	0	0	0	0	0	0	0	0	0	0	0	0	0	0	0	0	0	0	0	0	0	0	0	0	0	0	0	0	0	0	0	0	0	0	0	0	0	0	0	0	0	0	0	0	0	0	0	0	0	0	0	0	0	0	0	0	0	0	0	0	0	0	0	0	0	0	0	0	0	0	
10	0	0	0	0	0	0	0	0	0	0	0	0	0	0	0	0	0	0	0	0	0	0	0	0	0	0	0	0	0	0	0	0	0	0	0	0	0	0	0	0	0	0	0	0	0	0	0	0	0	0	0	0	0	0	0	0	0	0	0	0	0	0	0	0	0	0	0	0	0	0	0	0	0	0	0	0	0	0	0	0	0	0	0	0	0	0	0	0	0	0	0	0	0	0	0	0	0	0	0	0	
11	0	0	0	0	0	0	0	0	0	0	0	0	0	0	0	0	0	0	0	0	0	0	0	0	0	0	0	0	0	0	0	0	0	0	0	0	0	0	0	0	0	0	0	0	0	0	0	0	0	0	0	0	0	0	0	0	0	0	0	0	0	0	0	0	0	0	0	0	0	0	0	0	0	0	0	0	0	0	0	0	0	0	0	0	0	0	0	0	0	0	0	0	0	0	0	0	0	0	0	0	
12	0	0	0	0	0	0	0	0	0	0	0	0	0	0	0	0	0	0	0	0	0	0	0	0	0	0	0	0	0	0	0	0	0	0	0	0	0	0	0	0	0	0	0	0	0	0	0	0	0	0	0	0	0	0	0	0	0	0	0	0	0	0	0	0	0	0	0	0	0	0	0	0	0	0	0	0	0	0	0	0	0	0	0	0	0	0	0	0	0	0	0	0	0	0	0	0	0	0	0	0	
13	0	0	0	0	0	0	0	0	0	0	0	0	0	0	0	0	0	0	0	0	0	0	0	0	0	0	0	0	0	0	0	0	0	0	0	0	0	0	0	0	0	0	0	0	0	0	0	0	0	0	0	0	0	0	0	0	0	0	0	0	0	0	0	0	0	0	0	0	0	0	0	0	0	0	0	0	0	0	0	0	0	0	0	0	0	0	0	0	0	0	0	0	0	0	0	0	0	0	0	0	
14	0	0	0	0	0	0	0	0	0	0	0	0	0	0	0	0	0	0	0	0	0	0	0	0	0	0	0	0	0	0	0	0	0	0	0	0	0	0	0	0	0	0	0	0	0	0	0	0	0	0	0	0	0	0	0	0	0	0	0	0	0	0	0	0	0	0	0	0	0	0	0	0	0	0	0	0	0	0	0	0	0	0	0	0	0	0	0	0	0	0	0	0	0	0	0	0	0	0	0	0	
15	0	0	0	0	0	0	0	0	0	0	0	0	0	0	0	0	0	0	0	0	0	0	0	0	0	0	0	0	0	0	0	0	0	0	0	0	0	0	0	0	0	0	0	0	0	0	0	0	0	0	0	0	0	0	0	0	0	0	0	0	0	0	0	0	0	0	0	0	0	0	0	0	0	0	0	0	0	0	0	0	0	0	0	0	0	0	0	0	0	0	0	0	0	0	0	0	0	0	0	0	
16	0	0	0	0	0	0	0	0	0	0	0	0	0	0	0	0	0	0	0	0	0	0	0	0	0	0	0	0	0	0	0	0	0	0	0	0	0	0	0	0	0	0	0	0	0	0	0	0	0	0	0	0	0	0	0	0	0	0	0	0	0	0	0	0	0	0	0	0	0	0	0	0	0	0	0	0	0	0	0	0	0	0	0	0	0	0	0	0	0	0	0	0	0	0	0	0	0	0	0	0	
17	0	0	0	0	0	0	0	0	0	0	0	0	0	0	0	0	0	0	0	0	0	0	0	0	0	0	0	0	0	0	0	0	0	0	0	0	0	0	0	0	0	0	0	0	0	0	0	0	0	0	0	0	0	0	0	0	0	0	0	0	0	0	0	0	0	0	0	0	0	0	0	0	0	0	0	0	0	0	0	0	0	0	0	0	0	0	0	0	0	0	0	0	0	0	0	0	0	0	0	0	
18	0	0	0	0	0	0	0	0	0	0	0	0	0	0	0	0	0	0	0	0	0	0	0	0	0	0	0	0	0	0	0	0	0	0	0	0	0	0	0	0	0	0	0	0	0	0	0	0	0	0	0	0	0	0	0	0	0	0	0	0	0	0	0	0	0	0	0	0	0	0	0	0	0	0	0	0	0	0	0	0	0	0	0	0	0	0	0	0	0	0	0	0	0	0	0	0	0	0	0	0	
19	0	0	0	0	0	0	0	0	0	0	0	0	0	0	0	0	0	0	0	0	0	0	0	0	0	0	0	0	0	0	0	0	0	0	0	0	0	0	0	0	0	0	0	0	0	0	0	0	0	0	0	0	0	0	0	0	0	0	0	0	0	0	0	0	0	0	0	0	0	0	0	0	0	0	0	0	0	0	0	0	0	0	0	0	0	0	0	0	0	0	0	0	0	0	0	0	0	0	0	0	
20	0	0	0	0	0	0	0	0	0	0	0	0	0	0	0	0	0	0	0	0	0	0	0	0	0	0	0	0	0	0	0	0	0	0	0	0	0	0	0	0	0	0	0	0	0	0	0	0	0	0	0	0	0	0	0	0	0	0	0	0	0	0	0	0	0	0	0	0	0	0	0	0	0	0	0	0	0	0	0	0	0	0	0	0	0	0	0	0	0	0	0	0	0	0	0	0	0	0	0	0	
21	0	0	0	0	0	0	0	0	0	0	0	0	0	0	0	0	0	0	0	0	0	0	0	0	0	0	0	0	0	0	0	0	0	0	0	0	0	0	0	0	0	0	0	0	0	0	0	0	0	0	0	0	0	0	0	0	0	0	0	0	0	0	0	0	0	0	0	0	0	0	0	0	0	0	0	0	0	0	0	0	0	0	0	0	0	0	0	0	0	0	0	0	0	0	0	0	0	0	0	0	
22	0	0	0	0	0	0	0	0	0	0	0	0	0	0	0	0	0	0	0	0	0	0	0	0	0	0	0	0	0	0	0	0	0	0	0	0	0	0	0	0	0	0	0	0	0	0	0	0	0	0	0	0	0	0	0	0	0	0	0	0	0	0	0	0	0	0	0	0	0	0	0	0	0	0	0	0	0	0	0	0	0	0	0	0	0	0	0	0	0	0	0	0	0	0	0	0	0	0	0	0	
23	0	0	0	0	0	0	0	0	0	0	0	0	0	0	0	0	0	0	0	0	0	0	0	0	0	0	0	0	0	0	0	0	0	0	0	0	0	0	0	0	0	0	0	0	0	0	0	0	0	0	0	0	0	0	0	0	0	0	0	0	0	0	0	0	0	0	0	0	0	0	0	0	0	0	0	0	0	0	0	0	0	0	0	0	0	0	0	0	0	0	0	0	0	0	0	0	0	0	0	0	
24	0	0	0	0	0	0	0	0	0	0	0	0	0	0	0	0	0	0	0	0	0	0	0	0	0	0	0	0	0	0	0	0	0	0	0	0	0	0	0	0	0	0	0	0	0	0	0	0	0	0	0	0	0	0	0	0	0	0	0	0	0	0	0	0	0	0	0	0	0	0	0	0	0	0	0	0	0	0	0	0	0	0	0	0	0	0	0	0	0	0	0	0	0	0	0	0	0	0	0	0	
25	0	0	0	0	0	0	0	0	0	0	0	0	0	0	0	0	0	0	0	0	0	0	0	0	0	0	0	0	0	0	0	0	0	0	0	0	0	0	0	0	0	0	0	0	0	0	0	0	0	0	0	0	0	0	0	0	0	0	0	0	0	0	0	0	0	0	0	0	0	0	0	0	0	0	0	0	0	0	0	0	0	0	0	0	0	0	0	0	0	0	0	0	0	0	0	0	0	0	0	0	
26	0	0	0	0	0	0	0	0	0	0	0	0	0	0	0	0	0	0	0	0	0	0	0	0	0	0	0	0	0	0	0	0	0	0	0	0	0	0	0	0	0	0	0	0	0	0	0	0	0	0	0	0	0	0	0	0	0	0	0	0	0	0	0	0	0	0	0	0	0	0	0	0	0	0	0	0	0	0	0	0	0	0	0	0	0	0	0	0	0	0	0	0	0	0	0	0	0	0	0	0	
27	0	0	0	0	0	0	0	0	0	0	0	0	0	0	0	0	0	0	0	0	0	0	0	0	0	0	0	0	0	0	0	0	0	0	0	0	0	0	0	0	0	0	0	0	0	0	0	0	0	0	0	0	0	0	0	0	0	0	0	0	0	0	0	0	0	0	0	0	0	0	0	0	0	0	0	0	0	0	0	0	0	0	0	0	0	0	0	0	0	0	0	0	0	0	0	0	0	0	0	0	
28	0	0	0	0	0	0	0	0	0	0	0	0	0	0	0	0	0	0	0	0	0	0	0	0	0	0	0	0	0	0	0	0	0	0	0	0	0	0	0	0	0	0	0	0	0	0	0	0	0	0	0	0	0	0	0	0	0	0	0	0	0	0	0	0	0	0	0	0	0	0	0	0	0	0	0	0	0	0	0	0	0	0	0	0	0	0	0	0	0	0	0	0	0	0	0	0	0	0	0	0	
29	0	0	0	0	0	0	0	0	0	0	0	0	0	0	0	0	0	0	0	0	0	0	0	0	0	0	0	0	0	0	0	0	0	0	0	0	0	0	0	0	0	0	0	0	0	0	0	0	0	0	0	0	0	0	0	0	0	0	0	0	0	0	0	0	0	0	0	0	0	0	0	0	0	0	0	0	0	0	0	0	0	0	0	0	0	0	0	0	0	0	0	0	0	0	0	0	0	0	0	0	
30	0	0	0	0	0	0	0	0	0	0	0	0	0	0	0	0	0	0	0	0	0	0	0	0	0	0	0	0	0	0	0	0	0	0	0	0	0	0	0	0	0	0	0	0	0	0	0	0	0	0	0	0	0	0	0	0	0	0	0	0	0	0	0	0	0	0	0	0	0	0	0	0	0	0	0	0	0	0	0	0	0	0	0	0	0	0	0	0	0	0	0	0	0	0	0	0	0	0	0	0	
--- Nat Int               --
Ite	f0	f1	f2	f3	f4	f5	f6	f7	f8	f9	f10	f11	f12	f13	f14	f15	f16	f17	f18	f19	f20	f21	f22	f23	f24	f25	f26	f27	f28	f29	f30	f31	f32	f33	f34	f35	f36	f37	f38	f39	f40	f41	f42	f43	f44	f45	f46	f47	f48	f49	f50	f51	f52	f53	f54	f55	f56	f57	f58	f59	f60	f61	f62	f63	f64	f65	f66	f67	f68	f69	f70	f71	f72	f73	f74	f75	f76	f77	f78	f79	f80	f81	f82	f83	f84	f85	f86	f87	f88	f89	f90	f91	f92	f93	f94	f95	f96	f97	f98	f99	
0	258	365	301	185	319	278	201	215	145	336	349	329	295	274	273	222	199	249	286	266	274	239	285	202	267	265	377	266	237	183	179	290	219	297	211	192	379	129	315	182	352	198	211	210	287	248	306	275	325	256	302	225	309	225	311	256	303	250	234	265	350	259	146	349	261	238	292	202	283	219	317	284	322	126	246	267	221	267	194	326	378	257	284	344	154	258	357	306	243	156	153	362	258	307	263	161	221	277	274	230	
1	52	174	83	5	61	76	20	10	10	223	117	225	92	48	140	86	33	41	160	87	175	34	120	37	41	64	198	61	36	25	27	167	89	72	23	26	176	14	79	17	90	8	20	47	72	50	143	56	142	147	212	15	98	63	67	46	164	24	79	33	261	76	4	162	53	61	78	24	145	114	173	89	97	23	64	121	49	103	18	151	223	72	160	66	27	54	231	136	74	27	5	324	84	135	114	38	26	76	126	59	
2	0	36	40	0	1	0	0	0	1	66	27	56	3	0	24	2	0	0	58	25	18	16	27	3	0	7	68	1	0	10	1	66	14	2	2	0	40	0	2	0	5	0	1	0	27	0	9	10	4	27	128	0	4	10	7	0	25	0	4	1	78	2	0	14	4	2	1	0	49	0	9	3	4	0	6	19	1	25	2	51	77	2	47	2	4	2	55	11	10	0	0	219	3	25	13	16	9	28	8	1	
3	0	0	2	0	0	0	0	0	0	4	1	1	0	0	1	0	0	0	6	2	0	0	5	0	0	0	6	0	0	1	0	7	0	0	0	0	0	0	0	0	0	0	0	0	0	0	0	2	0	1	25	0	1	0	2	0	2	0	1	0	7	1	0	3	0	0	0	0	0	0	0	0	1	0	0	0	0	4	0	4	15	0	4	0	1	0	0	2	1	0	0	71	0	3	0	2	2	3	1	0	
4	0	0	1	0	0	0	0	0	0	1	1	0	0	0	0	0	0	0	2	0	0	0	0	0	0	0	0	0	0	0	0	0	0	0	0	0	0	0	0	0	0	0	0	0	0	0	0	0	0	0	1	0	1	0	0	0	0	0	1	0	0	1	0	0	0	0	0	0	0	0	0	0	1	0	0	0	0	1	0	0	0	0	0	0	1	0	0	2	0	0	0	4	0	1	0	0	2	0	0	0	
5	0	0	0	0	0	0	0	0	0	1	1	0	0	0	0	0	0	0	0	0	0	0	0	0	0	0	0	0	0	0	0	0	0	0	0	0	0	0	0	0	0	0	0	0	0	0	0	0	0	0	0	0	1	0	0	0	0	0	1	0	0	1	0	0	0	0	0	0	0	0	0	0	1	0	0	0	0	1	0	0	0	0	0	0	1	0	0	2	0	0	0	0	0	1	0	0	2	0	0	0	
6	0	0	0	0	0	0	0	0	0	1	1	0	0	0	0	0	0	0	0	0	0	0	0	0	0	0	0	0	0	0	0	0	0	0	0	0	0	0	0	0	0	0	0	0	0	0	0	0	0	0	0	0	1	0	0	0	0	0	1	0	0	1	0	0	0	0	0	0	0	0	0	0	1	0	0	0	0	1	0	0	0	0	0	0	1	0	0	2	0	0	0	0	0	1	0	0	2	0	0	0	
7	0	0	0	0	0	0	0	0	0	1	1	0	0	0	0	0	0	0	0	0	0	0	0	0	0	0	0	0	0	0	0	0	0	0	0	0	0	0	0	0	0	0	0	0	0	0	0	0	0	0	0	0	1	0	0	0	0	0	1	0	0	1	0	0	0	0	0	0	0	0	0	0	1	0	0	0	0	1	0	0	0	0	0	0	1	0	0	2	0	0	0	0	0	1	0	0	2	0	0	0	
8	0	0	0	0	0	0	0	0	0	1	1	0	0	0	0	0	0	0	0	0	0	0	0	0	0	0	0	0	0	0	0	0	0	0	0	0	0	0	0	0	0	0	0	0	0	0	0	0	0	0	0	0	1	0	0	0	0	0	1	0	0	1	0	0	0	0	0	0	0	0	0	0	1	0	0	0	0	1	0	0	0	0	0	0	1	0	0	2	0	0	0	0	0	1	0	0	2	0	0	0	
9	0	0	0	0	0	0	0	0	0	1	1	0	0	0	0	0	0	0	0	0	0	0	0	0	0	0	0	0	0	0	0	0	0	0	0	0	0	0	0	0	0	0	0	0	0	0	0	0	0	0	0	0	1	0	0	0	0	0	1	0	0	1	0	0	0	0	0	0	0	0	0	0	1	0	0	0	0	1	0	0	0	0	0	0	1	0	0	2	0	0	0	0	0	1	0	0	2	0	0	0	
10	0	0	0	0	0	0	0	0	0	1	1	0	0	0	0	0	0	0	0	0	0	0	0	0	0	0	0	0	0	0	0	0	0	0	0	0	0	0	0	0	0	0	0	0	0	0	0	0	0	0	0	0	1	0	0	0	0	0	1	0	0	1	0	0	0	0	0	0	0	0	0	0	1	0	0	0	0	1	0	0	0	0	0	0	1	0	0	2	0	0	0	0	0	1	0	0	2	0	0	0	
11	0	0	0	0	0	0	0	0	0	1	1	0	0	0	0	0	0	0	0	0	0	0	0	0	0	0	0	0	0	0	0	0	0	0	0	0	0	0	0	0	0	0	0	0	0	0	0	0	0	0	0	0	1	0	0	0	0	0	1	0	0	1	0	0	0	0	0	0	0	0	0	0	1	0	0	0	0	1	0	0	0	0	0	0	1	0	0	2	0	0	0	0	0	1	0	0	2	0	0	0	
12	0	0	0	0	0	0	0	0	0	1	1	0	0	0	0	0	0	0	0	0	0	0	0	0	0	0	0	0	0	0	0	0	0	0	0	0	0	0	0	0	0	0	0	0	0	0	0	0	0	0	0	0	1	0	0	0	0	0	1	0	0	1	0	0	0	0	0	0	0	0	0	0	1	0	0	0	0	1	0	0	0	0	0	0	1	0	0	2	0	0	0	0	0	1	0	0	2	0	0	0	
13	0	0	0	0	0	0	0	0	0	1	1	0	0	0	0	0	0	0	0	0	0	0	0	0	0	0	0	0	0	0	0	0	0	0	0	0	0	0	0	0	0	0	0	0	0	0	0	0	0	0	0	0	1	0	0	0	0	0	1	0	0	1	0	0	0	0	0	0	0	0	0	0	1	0	0	0	0	1	0	0	0	0	0	0	1	0	0	2	0	0	0	0	0	1	0	0	2	0	0	0	
14	0	0	0	0	0	0	0	0	0	1	1	0	0	0	0	0	0	0	0	0	0	0	0	0	0	0	0	0	0	0	0	0	0	0	0	0	0	0	0	0	0	0	0	0	0	0	0	0	0	0	0	0	1	0	0	0	0	0	1	0	0	1	0	0	0	0	0	0	0	0	0	0	1	0	0	0	0	1	0	0	0	0	0	0	1	0	0	2	0	0	0	0	0	1	0	0	2	0	0	0	
15	0	0	0	0	0	0	0	0	0	1	1	0	0	0	0	0	0	0	0	0	0	0	0	0	0	0	0	0	0	0	0	0	0	0	0	0	0	0	0	0	0	0	0	0	0	0	0	0	0	0	0	0	1	0	0	0	0	0	1	0	0	1	0	0	0	0	0	0	0	0	0	0	1	0	0	0	0	1	0	0	0	0	0	0	1	0	0	2	0	0	0	0	0	1	0	0	2	0	0	0	
16	0	0	0	0	0	0	0	0	0	1	1	0	0	0	0	0	0	0	0	0	0	0	0	0	0	0	0	0	0	0	0	0	0	0	0	0	0	0	0	0	0	0	0	0	0	0	0	0	0	0	0	0	1	0	0	0	0	0	1	0	0	1	0	0	0	0	0	0	0	0	0	0	1	0	0	0	0	1	0	0	0	0	0	0	1	0	0	2	0	0	0	0	0	1	0	0	2	0	0	0	
17	0	0	0	0	0	0	0	0	0	1	1	0	0	0	0	0	0	0	0	0	0	0	0	0	0	0	0	0	0	0	0	0	0	0	0	0	0	0	0	0	0	0	0	0	0	0	0	0	0	0	0	0	1	0	0	0	0	0	1	0	0	1	0	0	0	0	0	0	0	0	0	0	1	0	0	0	0	1	0	0	0	0	0	0	1	0	0	2	0	0	0	0	0	1	0	0	2	0	0	0	
18	0	0	0	0	0	0	0	0	0	1	1	0	0	0	0	0	0	0	0	0	0	0	0	0	0	0	0	0	0	0	0	0	0	0	0	0	0	0	0	0	0	0	0	0	0	0	0	0	0	0	0	0	1	0	0	0	0	0	1	0	0	1	0	0	0	0	0	0	0	0	0	0	1	0	0	0	0	1	0	0	0	0	0	0	1	0	0	2	0	0	0	0	0	1	0	0	2	0	0	0	
19	0	0	0	0	0	0	0	0	0	1	1	0	0	0	0	0	0	0	0	0	0	0	0	0	0	0	0	0	0	0	0	0	0	0	0	0	0	0	0	0	0	0	0	0	0	0	0	0	0	0	0	0	1	0	0	0	0	0	1	0	0	1	0	0	0	0	0	0	0	0	0	0	1	0	0	0	0	1	0	0	0	0	0	0	1	0	0	2	0	0	0	0	0	1	0	0	2	0	0	0	
20	0	0	0	0	0	0	0	0	0	1	1	0	0	0	0	0	0	0	0	0	0	0	0	0	0	0	0	0	0	0	0	0	0	0	0	0	0	0	0	0	0	0	0	0	0	0	0	0	0	0	0	0	1	0	0	0	0	0	1	0	0	1	0	0	0	0	0	0	0	0	0	0	1	0	0	0	0	1	0	0	0	0	0	0	1	0	0	2	0	0	0	0	0	1	0	0	2	0	0	0	
21	0	0	0	0	0	0	0	0	0	1	1	0	0	0	0	0	0	0	0	0	0	0	0	0	0	0	0	0	0	0	0	0	0	0	0	0	0	0	0	0	0	0	0	0	0	0	0	0	0	0	0	0	1	0	0	0	0	0	1	0	0	1	0	0	0	0	0	0	0	0	0	0	1	0	0	0	0	1	0	0	0	0	0	0	1	0	0	2	0	0	0	0	0	1	0	0	2	0	0	0	
22	0	0	0	0	0	0	0	0	0	1	1	0	0	0	0	0	0	0	0	0	0	0	0	0	0	0	0	0	0	0	0	0	0	0	0	0	0	0	0	0	0	0	0	0	0	0	0	0	0	0	0	0	1	0	0	0	0	0	1	0	0	1	0	0	0	0	0	0	0	0	0	0	1	0	0	0	0	1	0	0	0	0	0	0	1	0	0	2	0	0	0	0	0	1	0	0	2	0	0	0	
23	0	0	0	0	0	0	0	0	0	1	1	0	0	0	0	0	0	0	0	0	0	0	0	0	0	0	0	0	0	0	0	0	0	0	0	0	0	0	0	0	0	0	0	0	0	0	0	0	0	0	0	0	1	0	0	0	0	0	1	0	0	1	0	0	0	0	0	0	0	0	0	0	1	0	0	0	0	1	0	0	0	0	0	0	1	0	0	2	0	0	0	0	0	1	0	0	2	0	0	0	
24	0	0	0	0	0	0	0	0	0	1	1	0	0	0	0	0	0	0	0	0	0	0	0	0	0	0	0	0	0	0	0	0	0	0	0	0	0	0	0	0	0	0	0	0	0	0	0	0	0	0	0	0	1	0	0	0	0	0	1	0	0	1	0	0	0	0	0	0	0	0	0	0	1	0	0	0	0	1	0	0	0	0	0	0	1	0	0	2	0	0	0	0	0	1	0	0	2	0	0	0	
25	0	0	0	0	0	0	0	0	0	1	1	0	0	0	0	0	0	0	0	0	0	0	0	0	0	0	0	0	0	0	0	0	0	0	0	0	0	0	0	0	0	0	0	0	0	0	0	0	0	0	0	0	1	0	0	0	0	0	1	0	0	1	0	0	0	0	0	0	0	0	0	0	1	0	0	0	0	1	0	0	0	0	0	0	1	0	0	2	0	0	0	0	0	1	0	0	2	0	0	0	
26	0	0	0	0	0	0	0	0	0	1	1	0	0	0	0	0	0	0	0	0	0	0	0	0	0	0	0	0	0	0	0	0	0	0	0	0	0	0	0	0	0	0	0	0	0	0	0	0	0	0	0	0	1	0	0	0	0	0	1	0	0	1	0	0	0	0	0	0	0	0	0	0	1	0	0	0	0	1	0	0	0	0	0	0	1	0	0	2	0	0	0	0	0	1	0	0	2	0	0	0	
27	0	0	0	0	0	0	0	0	0	1	1	0	0	0	0	0	0	0	0	0	0	0	0	0	0	0	0	0	0	0	0	0	0	0	0	0	0	0	0	0	0	0	0	0	0	0	0	0	0	0	0	0	1	0	0	0	0	0	1	0	0	1	0	0	0	0	0	0	0	0	0	0	1	0	0	0	0	1	0	0	0	0	0	0	1	0	0	2	0	0	0	0	0	1	0	0	2	0	0	0	
28	0	0	0	0	0	0	0	0	0	1	1	0	0	0	0	0	0	0	0	0	0	0	0	0	0	0	0	0	0	0	0	0	0	0	0	0	0	0	0	0	0	0	0	0	0	0	0	0	0	0	0	0	1	0	0	0	0	0	1	0	0	1	0	0	0	0	0	0	0	0	0	0	1	0	0	0	0	1	0	0	0	0	0	0	1	0	0	2	0	0	0	0	0	1	0	0	2	0	0	0	
29	0	0	0	0	0	0	0	0	0	1	1	0	0	0	0	0	0	0	0	0	0	0	0	0	0	0	0	0	0	0	0	0	0	0	0	0	0	0	0	0	0	0	0	0	0	0	0	0	0	0	0	0	1	0	0	0	0	0	1	0	0	1	0	0	0	0	0	0	0	0	0	0	1	0	0	0	0	1	0	0	0	0	0	0	1	0	0	2	0	0	0	0	0	1	0	0	2	0	0	0	
30	0	0	0	0	0	0	0	0	0	1	1	0	0	0	0	0	0	0	0	0	0	0	0	0	0	0	0	0	0	0	0	0	0	0	0	0	0	0	0	0	0	0	0	0	0	0	0	0	0	0	0	0	1	0	0	0	0	0	1	0	0	1	0	0	0	0	0	0	0	0	0	0	1	0	0	0	0	1	0	0	0	0	0	0	1	0	0	2	0	0	0	0	0	1	0	0	2	0	0	0	
31	0	0	0	0	0	0	0	0	0	0	0	0	0	0	0	0	0	0	0	0	0	0	0	0	0	0	0	0	0	0	0	0	0	0	0	0	0	0	0	0	0	0	0	0	0	0	0	0	0	0	0	0	0	0	0	0	0	0	0	0	0	0	0	0	0	0	0	0	0	0	0	0	0	0	0	0	0	0	0	0	0	0	0	0	0	0	0	0	0	0	0	0	0	0	0	0	0	0	0	0	
--- Int Nat               --
Ite	f0	f1	f2	f3	f4	f5	f6	f7	f8	f9	f10	f11	f12	f13	f14	f15	f16	f17	f18	f19	f20	f21	f22	f23	f24	f25	f26	f27	f28	f29	f30	f31	f32	f33	f34	f35	f36	f37	f38	f39	f40	f41	f42	f43	f44	f45	f46	f47	f48	f49	f50	f51	f52	f53	f54	f55	f56	f57	f58	f59	f60	f61	f62	f63	f64	f65	f66	f67	f68	f69	f70	f71	f72	f73	f74	f75	f76	f77	f78	f79	f80	f81	f82	f83	f84	f85	f86	f87	f88	f89	f90	f91	f92	f93	f94	f95	f96	f97	f98	f99	
0	380	434	373	361	348	371	316	359	281	379	442	401	342	392	349	328	351	380	370	372	373	336	369	356	335	348	435	399	370	316	305	359	338	419	311	313	449	299	360	327	408	326	334	312	381	338	410	357	395	375	352	324	379	344	403	401	332	347	350	373	398	389	331	396	375	358	380	321	387	334	402	332	360	271	309	351	357	361	347	379	427	372	407	420	301	408	389	407	329	315	265	389	384	390	357	284	334	379	382	323	
1	149	296	194	46	201	176	78	76	54	294	245	311	216	147	203	151	111	116	241	165	236	115	192	104	162	170	303	173	124	104	89	229	143	188	105	59	296	39	219	79	221	65	102	110	148	143	228	159	246	213	257	87	199	117	180	153	256	120	161	141	322	165	46	276	156	145	203	110	162	174	273	198	217	54	167	196	111	168	58	257	316	161	201	186	64	145	312	259	147	62	53	353	131	223	166	98	86	153	193	131	
2	4	99	60	0	12	16	3	0	4	145	55	136	13	3	79	32	5	5	94	53	70	25	80	9	5	12	124	9	0	17	7	118	47	20	2	14	103	3	10	0	24	0	7	5	58	5	49	24	35	73	178	4	26	20	22	15	72	2	18	8	168	19	0	78	11	19	18	5	113	22	82	19	23	1	28	54	20	58	11	93	131	21	92	19	12	11	127	53	27	6	0	291	27	65	44	20	15	44	42	12	
3	0	7	8	0	0	0	0	0	0	18	6	15	0	0	8	0	0	0	19	6	1	3	9	0	0	3	24	0	0	1	0	20	5	0	1	0	6	0	0	0	1	0	0	0	8	0	0	2	1	7	62	0	1	3	2	0	7	0	1	0	28	1	0	4	0	1	0	0	8	0	2	1	2	0	2	9	0	16	0	17	33	1	23	0	1	1	6	2	3	0	0	148	0	4	2	5	3	10	1	0	
4	0	0	1	0	0	0	0	0	0	1	1	0	0	0	0	0	0	0	2	0	0	0	2	0	0	0	1	0	0	0	0	1	0	0	0	0	0	0	0	0	0	0	0	0	0	0	0	0	0	0	7	0	1	0	0	0	0	0	1	0	4	1	0	0	0	0	0	0	0	0	0	0	1	0	0	0	0	1	0	0	0	0	0	0	1	0	0	2	0	0	0	17	0	1	0	0	2	1	1	0	
5	0	0	0	0	0	0	0	0	0	1	1	0	0	0	0	0	0	0	1	0	0	0	0	0	0	0	0	0	0	0	0	0	0	0	0	0	0	0	0	0	0	0	0	0	0	0	0	0	0	0	1	0	1	0	0	0	0	0	1	0	0	1	0	0	0	0	0	0	0	0	0	0	1	0	0	0	0	1	0	0	0	0	0	0	1	0	0	2	0	0	0	2	0	1	0	0	2	0	0	0	
6	0	0	0	0	0	0	0	0	0	1	1	0	0	0	0	0	0	0	0	0	0	0	0	0	0	0	0	0	0	0	0	0	0	0	0	0	0	0	0	0	0	0	0	0	0	0	0	0	0	0	0	0	1	0	0	0	0	0	1	0	0	1	0	0	0	0	0	0	0	0	0	0	1	0	0	0	0	1	0	0	0	0	0	0	1	0	0	2	0	0	0	0	0	1	0	0	2	0	0	0	
7	0	0	0	0	0	0	0	0	0	1	1	0	0	0	0	0	0	0	0	0	0	0	0	0	0	0	0	0	0	0	0	0	0	0	0	0	0	0	0	0	0	0	0	0	0	0	0	0	0	0	0	0	1	0	0	0	0	0	1	0	0	1	0	0	0	0	0	0	0	0	0	0	1	0	0	0	0	1	0	0	0	0	0	0	1	0	0	2	0	0	0	0	0	1	0	0	2	0	0	0	
8	0	0	0	0	0	0	0	0	0	1	1	0	0	0	0	0	0	0	0	0	0	0	0	0	0	0	0	0	0	0	0	0	0	0	0	0	0	0	0	0	0	0	0	0	0	0	0	0	0	0	0	0	1	0	0	0	0	0	1	0	0	1	0	0	0	0	0	0	0	0	0	0	1	0	0	0	0	1	0	0	0	0	0	0	1	0	0	2	0	0	0	0	0	1	0	0	2	0	0	0	
9	0	0	0	0	0	0	0	0	0	1	1	0	0	0	0	0	0	0	0	0	0	0	0	0	0	0	0	0	0	0	0	0	0	0	0	0	0	0	0	0	0	0	0	0	0	0	0	0	0	0	0	0	1	0	0	0	0	0	1	0	0	1	0	0	0	0	0	0	0	0	0	0	1	0	0	0	0	1	0	0	0	0	0	0	1	0	0	2	0	0	0	0	0	1	0	0	2	0	0	0	
10	0	0	0	0	0	0	0	0	0	1	1	0	0	0	0	0	0	0	0	0	0	0	0	0	0	0	0	0	0	0	0	0	0	0	0	0	0	0	0	0	0	0	0	0	0	0	0	0	0	0	0	0	1	0	0	0	0	0	1	0	0	1	0	0	0	0	0	0	0	0	0	0	1	0	0	0	0	1	0	0	0	0	0	0	1	0	0	2	0	0	0	0	0	1	0	0	2	0	0	0	
11	0	0	0	0	0	0	0	0	0	1	1	0	0	0	0	0	0	0	0	0	0	0	0	0	0	0	0	0	0	0	0	0	0	0	0	0	0	0	0	0	0	0	0	0	0	0	0	0	0	0	0	0	1	0	0	0	0	0	1	0	0	1	0	0	0	0	0	0	0	0	0	0	1	0	0	0	0	1	0	0	0	0	0	0	1	0	0	2	0	0	0	0	0	1	0	0	2	0	0	0	
12	0	0	0	0	0	0	0	0	0	1	1	0	0	0	0	0	0	0	0	0	0	0	0	0	0	0	0	0	0	0	0	0	0	0	0	0	0	0	0	0	0	0	0	0	0	0	0	0	0	0	0	0	1	0	0	0	0	0	1	0	0	1	0	0	0	0	0	0	0	0	0	0	1	0	0	0	0	1	0	0	0	0	0	0	1	0	0	2	0	0	0	0	0	1	0	0	2	0	0	0	
13	0	0	0	0	0	0	0	0	0	1	1	0	0	0	0	0	0	0	0	0	0	0	0	0	0	0	0	0	0	0	0	0	0	0	0	0	0	0	0	0	0	0	0	0	0	0	0	0	0	0	0	0	1	0	0	0	0	0	1	0	0	1	0	0	0	0	0	0	0	0	0	0	1	0	0	0	0	1	0	0	0	0	0	0	1	0	0	2	0	0	0	0	0	1	0	0	2	0	0	0	
14	0	0	0	0	0	0	0	0	0	1	1	0	0	0	0	0	0	0	0	0	0	0	0	0	0	0	0	0	0	0	0	0	0	0	0	0	0	0	0	0	0	0	0	0	0	0	0	0	0	0	0	0	1	0	0	0	0	0	1	0	0	1	0	0	0	0	0	0	0	0	0	0	1	0	0	0	0	1	0	0	0	0	0	0	1	0	0	2	0	0	0	0	0	1	0	0	2	0	0	0	
15	0	0	0	0	0	0	0	0	0	1	1	0	0	0	0	0	0	0	0	0	0	0	0	0	0	0	0	0	0	0	0	0	0	0	0	0	0	0	0	0	0	0	0	0	0	0	0	0	0	0	0	0	1	0	0	0	0	0	1	0	0	1	0	0	0	0	0	0	0	0	0	0	1	0	0	0	0	1	0	0	0	0	0	0	1	0	0	2	0	0	0	0	0	1	0	0	2	0	0	0	
16	0	0	0	0	0	0	0	0	0	1	1	0	0	0	0	0	0	0	0	0	0	0	0	0	0	0	0	0	0	0	0	0	0	0	0	0	0	0	0	0	0	0	0	0	0	0	0	0	0	0	0	0	1	0	0	0	0	0	1	0	0	1	0	0	0	0	0	0	0	0	0	0	1	0	0	0	0	1	0	0	0	0	0	0	1	0	0	2	0	0	0	0	0	1	0	0	2	0	0	0	
17	0	0	0	0	0	0	0	0	0	1	1	0	0	0	0	0	0	0	0	0	0	0	0	0	0	0	0	0	0	0	0	0	0	0	0	0	0	0	0	0	0	0	0	0	0	0	0	0	0	0	0	0	1	0	0	0	0	0	1	0	0	1	0	0	0	0	0	0	0	0	0	0	1	0	0	0	0	1	0	0	0	0	0	0	1	0	0	2	0	0	0	0	0	1	0	0	2	0	0	0	
18	0	0	0	0	0	0	0	0	0	1	1	0	0	0	0	0	0	0	0	0	0	0	0	0	0	0	0	0	0	0	0	0	0	0	0	0	0	0	0	0	0	0	0	0	0	0	0	0	0	0	0	0	1	0	0	0	0	0	1	0	0	1	0	0	0	0	0	0	0	0	0	0	1	0	0	0	0	1	0	0	0	0	0	0	1	0	0	2	0	0	0	0	0	1	0	0	2	0	0	0	
19	0	0	0	0	0	0	0	0	0	1	1	0	0	0	0	0	0	0	0	0	0	0	0	0	0	0	0	0	0	0	0	0	0	0	0	0	0	0	0	0	0	0	0	0	0	0	0	0	0	0	0	0	1	0	0	0	0	0	1	0	0	1	0	0	0	0	0	0	0	0	0	0	1	0	0	0	0	1	0	0	0	0	0	0	1	0	0	2	0	0	0	0	0	1	0	0	2	0	0	0	
20	0	0	0	0	0	0	0	0	0	1	1	0	0	0	0	0	0	0	0	0	0	0	0	0	0	0	0	0	0	0	0	0	0	0	0	0	0	0	0	0	0	0	0	0	0	0	0	0	0	0	0	0	1	0	0	0	0	0	1	0	0	1	0	0	0	0	0	0	0	0	0	0	1	0	0	0	0	1	0	0	0	0	0	0	1	0	0	2	0	0	0	0	0	1	0	0	2	0	0	0	
21	0	0	0	0	0	0	0	0	0	1	1	0	0	0	0	0	0	0	0	0	0	0	0	0	0	0	0	0	0	0	0	0	0	0	0	0	0	0	0	0	0	0	0	0	0	0	0	0	0	0	0	0	1	0	0	0	0	0	1	0	0	1	0	0	0	0	0	0	0	0	0	0	1	0	0	0	0	1	0	0	0	0	0	0	1	0	0	2	0	0	0	0	0	1	0	0	2	0	0	0	
22	0	0	0	0	0	0	0	0	0	1	1	0	0	0	0	0	0	0	0	0	0	0	0	0	0	0	0	0	0	0	0	0	0	0	0	0	0	0	0	0	0	0	0	0	0	0	0	0	0	0	0	0	1	0	0	0	0	0	1	0	0	1	0	0	0	0	0	0	0	0	0	0	1	0	0	0	0	1	0	0	0	0	0	0	1	0	0	2	0	0	0	0	0	1	0	0	2	0	0	0	
23	0	0	0	0	0	0	0	0	0	1	1	0	0	0	0	0	0	0	0	0	0	0	0	0	0	0	0	0	0	0	0	0	0	0	0	0	0	0	0	0	0	0	0	0	0	0	0	0	0	0	0	0	1	0	0	0	0	0	1	0	0	1	0	0	0	0	0	0	0	0	0	0	1	0	0	0	0	1	0	0	0	0	0	0	1	0	0	2	0	0	0	0	0	1	0	0	2	0	0	0	
24	0	0	0	0	0	0	0	0	0	1	1	0	0	0	0	0	0	0	0	0	0	0	0	0	0	0	0	0	0	0	0	0	0	0	0	0	0	0	0	0	0	0	0	0	0	0	0	0	0	0	0	0	1	0	0	0	0	0	1	0	0	1	0	0	0	0	0	0	0	0	0	0	1	0	0	0	0	1	0	0	0	0	0	0	1	0	0	2	0	0	0	0	0	1	0	0	2	0	0	0	
25	0	0	0	0	0	0	0	0	0	1	1	0	0	0	0	0	0	0	0	0	0	0	0	0	0	0	0	0	0	0	0	0	0	0	0	0	0	0	0	0	0	0	0	0	0	0	0	0	0	0	0	0	1	0	0	0	0	0	1	0	0	1	0	0	0	0	0	0	0	0	0	0	1	0	0	0	0	1	0	0	0	0	0	0	1	0	0	2	0	0	0	0	0	1	0	0	2	0	0	0	
26	0	0	0	0	0	0	0	0	0	1	1	0	0	0	0	0	0	0	0	0	0	0	0	0	0	0	0	0	0	0	0	0	0	0	0	0	0	0	0	0	0	0	0	0	0	0	0	0	0	0	0	0	1	0	0	0	0	0	1	0	0	1	0	0	0	0	0	0	0	0	0	0	1	0	0	0	0	1	0	0	0	0	0	0	1	0	0	2	0	0	0	0	0	1	0	0	2	0	0	0	
27	0	0	0	0	0	0	0	0	0	1	1	0	0	0	0	0	0	0	0	0	0	0	0	0	0	0	0	0	0	0	0	0	0	0	0	0	0	0	0	0	0	0	0	0	0	0	0	0	0	0	0	0	1	0	0	0	0	0	1	0	0	1	0	0	0	0	0	0	0	0	0	0	1	0	0	0	0	1	0	0	0	0	0	0	1	0	0	2	0	0	0	0	0	1	0	0	2	0	0	0	
28	0	0	0	0	0	0	0	0	0	1	1	0	0	0	0	0	0	0	0	0	0	0	0	0	0	0	0	0	0	0	0	0	0	0	0	0	0	0	0	0	0	0	0	0	0	0	0	0	0	0	0	0	1	0	0	0	0	0	1	0	0	1	0	0	0	0	0	0	0	0	0	0	1	0	0	0	0	1	0	0	0	0	0	0	1	0	0	2	0	0	0	0	0	1	0	0	2	0	0	0	
29	0	0	0	0	0	0	0	0	0	1	1	0	0	0	0	0	0	0	0	0	0	0	0	0	0	0	0	0	0	0	0	0	0	0	0	0	0	0	0	0	0	0	0	0	0	0	0	0	0	0	0	0	1	0	0	0	0	0	1	0	0	1	0	0	0	0	0	0	0	0	0	0	1	0	0	0	0	1	0	0	0	0	0	0	1	0	0	2	0	0	0	0	0	1	0	0	2	0	0	0	
30	0	0	0	0	0	0	0	0	0	1	1	0	0	0	0	0	0	0	0	0	0	0	0	0	0	0	0	0	0	0	0	0	0	0	0	0	0	0	0	0	0	0	0	0	0	0	0	0	0	0	0	0	1	0	0	0	0	0	1	0	0	1	0	0	0	0	0	0	0	0	0	0	1	0	0	0	0	1	0	0	0	0	0	0	1	0	0	2	0	0	0	0	0	1	0	0	2	0	0	0	
--- Errors               --
Ite	f0	f1	f2	f3	f4	f5	f6	f7	f8	f9	f10	f11	f12	f13	f14	f15	f16	f17	f18	f19	f20	f21	f22	f23	f24	f25	f26	f27	f28	f29	f30	f31	f32	f33	f34	f35	f36	f37	f38	f39	f40	f41	f42	f43	f44	f45	f46	f47	f48	f49	f50	f51	f52	f53	f54	f55	f56	f57	f58	f59	f60	f61	f62	f63	f64	f65	f66	f67	f68	f69	f70	f71	f72	f73	f74	f75	f76	f77	f78	f79	f80	f81	f82	f83	f84	f85	f86	f87	f88	f89	f90	f91	f92	f93	f94	f95	f96	f97	f98	f99	
0	68	104	85	57	83	81	55	59	30	103	100	106	87	88	74	68	51	53	90	76	99	62	93	61	60	78	109	98	67	47	48	78	63	108	58	40	118	32	80	61	98	55	53	52	89	86	80	65	79	82	108	50	75	56	91	81	88	62	85	71	118	64	43	109	74	63	119	56	85	76	98	71	89	46	71	73	52	65	43	78	109	79	113	92	47	87	112	90	62	44	35	119	84	127	88	32	63	81	103	56	
1	2	35	14	0	5	22	3	0	0	50	19	34	17	3	17	16	6	5	27	17	25	9	10	9	4	16	39	11	1	4	0	34	13	12	0	4	48	2	16	3	17	0	3	4	10	5	25	9	28	30	42	0	15	8	14	8	39	3	15	11	40	12	0	28	10	10	9	7	33	17	30	16	15	1	2	16	12	20	3	26	55	6	30	19	5	11	62	34	11	1	0	73	20	30	19	4	3	18	21	6	
2	0	4	2	0	0	0	0	0	0	8	1	5	0	0	0	0	0	0	12	1	0	2	2	0	0	2	3	0	0	0	0	9	0	0	0	0	4	0	0	0	0	0	0	0	0	0	0	0	0	5	19	0	0	0	0	0	2	0	0	0	10	0	0	2	0	0	0	0	3	0	0	0	0	0	2	0	0	3	0	3	9	0	7	0	0	0	4	0	0	0	0	46	0	0	0	2	0	4	0	0	
3	0	0	0	0	0	0	0	0	0	0	0	0	0	0	0	0	0	0	0	0	0	0	0	0	0	0	0	0	0	0	0	0	0	0	0	0	0	0	0	0	0	0	0	0	0	0	0	0	0	0	0	0	0	0	0	0	0	0	0	0	0	0	0	0	0	0	0	0	0	0	0	0	0	0	0	0	0	0	0	0	0	0	0	0	0	0	0	0	0	0	0	7	0	0	0	0	0	0	0	0	
4	0	0	0	0	0	0	0	0	0	0	0	0	0	0	0	0	0	0	0	0	0	0	0	0	0	0	0	0	0	0	0	0	0	0	0	0	0	0	0	0	0	0	0	0	0	0	0	0	0	0	0	0	0	0	0	0	0	0	0	0	0	0	0	0	0	0	0	0	0	0	0	0	0	0	0	0	0	0	0	0	0	0	0	0	0	0	0	0	0	0	0	0	0	0	0	0	0	0	0	0	
5	0	0	0	0	0	0	0	0	0	0	0	0	0	0	0	0	0	0	0	0	0	0	0	0	0	0	0	0	0	0	0	0	0	0	0	0	0	0	0	0	0	0	0	0	0	0	0	0	0	0	0	0	0	0	0	0	0	0	0	0	0	0	0	0	0	0	0	0	0	0	0	0	0	0	0	0	0	0	0	0	0	0	0	0	0	0	0	0	0	0	0	0	0	0	0	0	0	0	0	0	
6	0	0	0	0	0	0	0	0	0	0	0	0	0	0	0	0	0	0	0	0	0	0	0	0	0	0	0	0	0	0	0	0	0	0	0	0	0	0	0	0	0	0	0	0	0	0	0	0	0	0	0	0	0	0	0	0	0	0	0	0	0	0	0	0	0	0	0	0	0	0	0	0	0	0	0	0	0	0	0	0	0	0	0	0	0	0	0	0	0	0	0	0	0	0	0	0	0	0	0	0	
7	0	0	0	0	0	0	0	0	0	0	0	0	0	0	0	0	0	0	0	0	0	0	0	0	0	0	0	0	0	0	0	0	0	0	0	0	0	0	0	0	0	0	0	0	0	0	0	0	0	0	0	0	0	0	0	0	0	0	0	0	0	0	0	0	0	0	0	0	0	0	0	0	0	0	0	0	0	0	0	0	0	0	0	0	0	0	0	0	0	0	0	0	0	0	0	0	0	0	0	0	
8	0	0	0	0	0	0	0	0	0	0	0	0	0	0	0	0	0	0	0	0	0	0	0	0	0	0	0	0	0	0	0	0	0	0	0	0	0	0	0	0	0	0	0	0	0	0	0	0	0	0	0	0	0	0	0	0	0	0	0	0	0	0	0	0	0	0	0	0	0	0	0	0	0	0	0	0	0	0	0	0	0	0	0	0	0	0	0	0	0	0	0	0	0	0	0	0	0	0	0	0	
9	0	0	0	0	0	0	0	0	0	0	0	0	0	0	0	0	0	0	0	0	0	0	0	0	0	0	0	0	0	0	0	0	0	0	0	0	0	0	0	0	0	0	0	0	0	0	0	0	0	0	0	0	0	0	0	0	0	0	0	0	0	0	0	0	0	0	0	0	0	0	0	0	0	0	0	0	0	0	0	0	0	0	0	0	0	0	0	0	0	0	0	0	0	0	0	0	0	0	0	0	
10	0	0	0	0	0	0	0	0	0	0	0	0	0	0	0	0	0	0	0	0	0	0	0	0	0	0	0	0	0	0	0	0	0	0	0	0	0	0	0	0	0	0	0	0	0	0	0	0	0	0	0	0	0	0	0	0	0	0	0	0	0	0	0	0	0	0	0	0	0	0	0	0	0	0	0	0	0	0	0	0	0	0	0	0	0	0	0	0	0	0	0	0	0	0	0	0	0	0	0	0	
11	0	0	0	0	0	0	0	0	0	0	0	0	0	0	0	0	0	0	0	0	0	0	0	0	0	0	0	0	0	0	0	0	0	0	0	0	0	0	0	0	0	0	0	0	0	0	0	0	0	0	0	0	0	0	0	0	0	0	0	0	0	0	0	0	0	0	0	0	0	0	0	0	0	0	0	0	0	0	0	0	0	0	0	0	0	0	0	0	0	0	0	0	0	0	0	0	0	0	0	0	
12	0	0	0	0	0	0	0	0	0	0	0	0	0	0	0	0	0	0	0	0	0	0	0	0	0	0	0	0	0	0	0	0	0	0	0	0	0	0	0	0	0	0	0	0	0	0	0	0	0	0	0	0	0	0	0	0	0	0	0	0	0	0	0	0	0	0	0	0	0	0	0	0	0	0	0	0	0	0	0	0	0	0	0	0	0	0	0	0	0	0	0	0	0	0	0	0	0	0	0	0	
13	0	0	0	0	0	0	0	0	0	0	0	0	0	0	0	0	0	0	0	0	0	0	0	0	0	0	0	0	0	0	0	0	0	0	0	0	0	0	0	0	0	0	0	0	0	0	0	0	0	0	0	0	0	0	0	0	0	0	0	0	0	0	0	0	0	0	0	0	0	0	0	0	0	0	0	0	0	0	0	0	0	0	0	0	0	0	0	0	0	0	0	0	0	0	0	0	0	0	0	0	
14	0	0	0	0	0	0	0	0	0	0	0	0	0	0	0	0	0	0	0	0	0	0	0	0	0	0	0	0	0	0	0	0	0	0	0	0	0	0	0	0	0	0	0	0	0	0	0	0	0	0	0	0	0	0	0	0	0	0	0	0	0	0	0	0	0	0	0	0	0	0	0	0	0	0	0	0	0	0	0	0	0	0	0	0	0	0	0	0	0	0	0	0	0	0	0	0	0	0	0	0	
15	0	0	0	0	0	0	0	0	0	0	0	0	0	0	0	0	0	0	0	0	0	0	0	0	0	0	0	0	0	0	0	0	0	0	0	0	0	0	0	0	0	0	0	0	0	0	0	0	0	0	0	0	0	0	0	0	0	0	0	0	0	0	0	0	0	0	0	0	0	0	0	0	0	0	0	0	0	0	0	0	0	0	0	0	0	0	0	0	0	0	0	0	0	0	0	0	0	0	0	0	
16	0	0	0	0	0	0	0	0	0	0	0	0	0	0	0	0	0	0	0	0	0	0	0	0	0	0	0	0	0	0	0	0	0	0	0	0	0	0	0	0	0	0	0	0	0	0	0	0	0	0	0	0	0	0	0	0	0	0	0	0	0	0	0	0	0	0	0	0	0	0	0	0	0	0	0	0	0	0	0	0	0	0	0	0	0	0	0	0	0	0	0	0	0	0	0	0	0	0	0	0	
17	0	0	0	0	0	0	0	0	0	0	0	0	0	0	0	0	0	0	0	0	0	0	0	0	0	0	0	0	0	0	0	0	0	0	0	0	0	0	0	0	0	0	0	0	0	0	0	0	0	0	0	0	0	0	0	0	0	0	0	0	0	0	0	0	0	0	0	0	0	0	0	0	0	0	0	0	0	0	0	0	0	0	0	0	0	0	0	0	0	0	0	0	0	0	0	0	0	0	0	0	
18	0	0	0	0	0	0	0	0	0	0	0	0	0	0	0	0	0	0	0	0	0	0	0	0	0	0	0	0	0	0	0	0	0	0	0	0	0	0	0	0	0	0	0	0	0	0	0	0	0	0	0	0	0	0	0	0	0	0	0	0	0	0	0	0	0	0	0	0	0	0	0	0	0	0	0	0	0	0	0	0	0	0	0	0	0	0	0	0	0	0	0	0	0	0	0	0	0	0	0	0	
19	0	0	0	0	0	0	0	0	0	0	0	0	0	0	0	0	0	0	0	0	0	0	0	0	0	0	0	0	0	0	0	0	0	0	0	0	0	0	0	0	0	0	0	0	0	0	0	0	0	0	0	0	0	0	0	0	0	0	0	0	0	0	0	0	0	0	0	0	0	0	0	0	0	0	0	0	0	0	0	0	0	0	0	0	0	0	0	0	0	0	0	0	0	0	0	0	0	0	0	0	
20	0	0	0	0	0	0	0	0	0	0	0	0	0	0	0	0	0	0	0	0	0	0	0	0	0	0	0	0	0	0	0	0	0	0	0	0	0	0	0	0	0	0	0	0	0	0	0	0	0	0	0	0	0	0	0	0	0	0	0	0	0	0	0	0	0	0	0	0	0	0	0	0	0	0	0	0	0	0	0	0	0	0	0	0	0	0	0	0	0	0	0	0	0	0	0	0	0	0	0	0	
21	0	0	0	0	0	0	0	0	0	0	0	0	0	0	0	0	0	0	0	0	0	0	0	0	0	0	0	0	0	0	0	0	0	0	0	0	0	0	0	0	0	0	0	0	0	0	0	0	0	0	0	0	0	0	0	0	0	0	0	0	0	0	0	0	0	0	0	0	0	0	0	0	0	0	0	0	0	0	0	0	0	0	0	0	0	0	0	0	0	0	0	0	0	0	0	0	0	0	0	0	
22	0	0	0	0	0	0	0	0	0	0	0	0	0	0	0	0	0	0	0	0	0	0	0	0	0	0	0	0	0	0	0	0	0	0	0	0	0	0	0	0	0	0	0	0	0	0	0	0	0	0	0	0	0	0	0	0	0	0	0	0	0	0	0	0	0	0	0	0	0	0	0	0	0	0	0	0	0	0	0	0	0	0	0	0	0	0	0	0	0	0	0	0	0	0	0	0	0	0	0	0	
23	0	0	0	0	0	0	0	0	0	0	0	0	0	0	0	0	0	0	0	0	0	0	0	0	0	0	0	0	0	0	0	0	0	0	0	0	0	0	0	0	0	0	0	0	0	0	0	0	0	0	0	0	0	0	0	0	0	0	0	0	0	0	0	0	0	0	0	0	0	0	0	0	0	0	0	0	0	0	0	0	0	0	0	0	0	0	0	0	0	0	0	0	0	0	0	0	0	0	0	0	
24	0	0	0	0	0	0	0	0	0	0	0	0	0	0	0	0	0	0	0	0	0	0	0	0	0	0	0	0	0	0	0	0	0	0	0	0	0	0	0	0	0	0	0	0	0	0	0	0	0	0	0	0	0	0	0	0	0	0	0	0	0	0	0	0	0	0	0	0	0	0	0	0	0	0	0	0	0	0	0	0	0	0	0	0	0	0	0	0	0	0	0	0	0	0	0	0	0	0	0	0	
25	0	0	0	0	0	0	0	0	0	0	0	0	0	0	0	0	0	0	0	0	0	0	0	0	0	0	0	0	0	0	0	0	0	0	0	0	0	0	0	0	0	0	0	0	0	0	0	0	0	0	0	0	0	0	0	0	0	0	0	0	0	0	0	0	0	0	0	0	0	0	0	0	0	0	0	0	0	0	0	0	0	0	0	0	0	0	0	0	0	0	0	0	0	0	0	0	0	0	0	0	
26	0	0	0	0	0	0	0	0	0	0	0	0	0	0	0	0	0	0	0	0	0	0	0	0	0	0	0	0	0	0	0	0	0	0	0	0	0	0	0	0	0	0	0	0	0	0	0	0	0	0	0	0	0	0	0	0	0	0	0	0	0	0	0	0	0	0	0	0	0	0	0	0	0	0	0	0	0	0	0	0	0	0	0	0	0	0	0	0	0	0	0	0	0	0	0	0	0	0	0	0	
27	0	0	0	0	0	0	0	0	0	0	0	0	0	0	0	0	0	0	0	0	0	0	0	0	0	0	0	0	0	0	0	0	0	0	0	0	0	0	0	0	0	0	0	0	0	0	0	0	0	0	0	0	0	0	0	0	0	0	0	0	0	0	0	0	0	0	0	0	0	0	0	0	0	0	0	0	0	0	0	0	0	0	0	0	0	0	0	0	0	0	0	0	0	0	0	0	0	0	0	0	
28	0	0	0	0	0	0	0	0	0	0	0	0	0	0	0	0	0	0	0	0	0	0	0	0	0	0	0	0	0	0	0	0	0	0	0	0	0	0	0	0	0	0	0	0	0	0	0	0	0	0	0	0	0	0	0	0	0	0	0	0	0	0	0	0	0	0	0	0	0	0	0	0	0	0	0	0	0	0	0	0	0	0	0	0	0	0	0	0	0	0	0	0	0	0	0	0	0	0	0	0	
29	0	0	0	0	0	0	0	0	0	0	0	0	0	0	0	0	0	0	0	0	0	0	0	0	0	0	0	0	0	0	0	0	0	0	0	0	0	0	0	0	0	0	0	0	0	0	0	0	0	0	0	0	0	0	0	0	0	0	0	0	0	0	0	0	0	0	0	0	0	0	0	0	0	0	0	0	0	0	0	0	0	0	0	0	0	0	0	0	0	0	0	0	0	0	0	0	0	0	0	0	
30	0	0	0	0	0	0	0	0	0	0	0	0	0	0	0	0	0	0	0	0	0	0	0	0	0	0	0	0	0	0	0	0	0	0	0	0	0	0	0	0	0	0	0	0	0	0	0	0	0	0	0	0	0	0	0	0	0	0	0	0	0	0	0	0	0	0	0	0	0	0	0	0	0	0	0	0	0	0	0	0	0	0	0	0	0	0	0	0	0	0	0	0	0	0	0	0	0	0	0	0	
31	0	0	0	0	0	0	0	0	0	0	0	0	0	0	0	0	0	0	0	0	0	0	0	0	0	0	0	0	0	0	0	0	0	0	0	0	0	0	0	0	0	0	0	0	0	0	0	0	0	0	0	0	0	0	0	0	0	0	0	0	0	0	0	0	0	0	0	0	0	0	0	0	0	0	0	0	0	0	0	0	0	0	0	0	0	0	0	0	0	0	0	0	0	0	0	0	0	0	0	0	
----------------------
-- Means            --
X	EB	CB	AB	CF
NN	10.1565	5.17377	5.57395	0.399922
II	10.0708	5.07164	5.47313	0.243594
NI	16.3818	8.35103	8.99601	0.361816
IN	16.8692	8.6931	9.34974	0.565654
D	10.2295	1.86606	2.53774	0.0897656
----------------------
-- Distributions    --
R	NNC	IIC	NIC	INC	NNE	IIE	NIE	INE	DC	DE
0	0.327852	0.359844	0.190273	0.159199	0.00481445	0.00552734	0.000205078	0.000166016	0.637129	0.00286133
1	0.0763281	0.0522461	0.0936328	0.106475	0.00170898	0.00143555	0.000332031	0.000292969	0.032959	0.00285156
2	0.0798438	0.0796875	0.0529297	0.0604687	0.00417969	0.00447266	0.000458984	0.000380859	0.0738086	0.00334961
3	0.0241992	0.0179492	0.0379004	0.0402051	0.00192383	0.00152344	0.00046875	0.000449219	0.00943359	0.00305664
4	0.0427539	0.0459961	0.0331445	0.0334277	0.0040625	0.00376953	0.000664063	0.000585938	0.035	0.00319336
5	0.0184473	0.0154492	0.029834	0.0299512	0.00206055	0.00210938	0.000849609	0.000771484	0.00708008	0.00322266
6	0.0340527	0.0357422	0.0293066	0.0283789	0.00394531	0.00405273	0.00111328	0.0009375	0.0229004	0.00318359
7	0.0186426	0.0177832	0.0278809	0.028125	0.00291016	0.00244141	0.00124023	0.0012207	0.00673828	0.00354492
8	0.0306152	0.0320801	0.0270313	0.0274316	0.0047168	0.00473633	0.00173828	0.00157227	0.0165918	0.0040918
9	0.0207129	0.0203125	0.027168	0.0261133	0.00334961	0.00333008	0.00208008	0.00197266	0.00717773	0.00415039
10	0.0309766	0.0325879	0.027998	0.0271777	0.00478516	0.0052832	0.00280273	0.00256836	0.0137012	0.00495117
11	0.0262305	0.0240918	0.0279785	0.0274805	0.00430664	0.00459961	0.00361328	0.00314453	0.00727539	0.00516602
12	0.0323242	0.0335254	0.0293164	0.0276074	0.00598633	0.00601562	0.00425781	0.00404297	0.0103516	0.00598633
13	0.0297266	0.0276855	0.0293457	0.0278711	0.00535156	0.00530273	0.00519531	0.00441406	0.0074707	0.00522461
14	0.0312012	0.031543	0.0287988	0.0280078	0.00644531	0.00630859	0.00529297	0.00546875	0.00938477	0.00633789
15	0.0260937	0.0260352	0.029082	0.0285645	0.00503906	0.00512695	0.00592773	0.0055957	0.00651367	0.00452148
16	0.0236035	0.0228125	0.027334	0.0283008	0.00490234	0.00520508	0.00599609	0.00558594	0.00575195	0.00484375
17	0.0176953	0.0170996	0.0253223	0.0262891	0.00363281	0.00334961	0.00608398	0.00601562	0.00401367	0.00331055
18	0.0124121	0.0122754	0.022627	0.0237793	0.00245117	0.0025293	0.0046582	0.00555664	0.0028418	0.0028125
19	0.00764648	0.00708984	0.0204297	0.0216504	0.00176758	0.00148437	0.00459961	0.00494141	0.00164062	0.00158203
20	0.0047168	0.00433594	0.0169336	0.0183301	0.00111328	0.00101562	0.0040625	0.00417969	0.00109375	0.00119141
21	0.00222656	0.00209961	0.0146484	0.0155078	0.000371094	0.000419922	0.00336914	0.00359375	0.000449219	0.000527344
22	0.000966797	0.0009375	0.013125	0.0134961	0.000302734	0.000205078	0.00311523	0.00280273	0.000185547	0.000214844
23	0.000283203	0.0003125	0.0114648	0.0122461	0.000146484	4.88281e-05	0.0022168	0.00244141	0.000136719	9.76563e-05
24	9.76563e-05	0.000136719	0.00925781	0.0101074	3.90625e-05	1.95312e-05	0.00195312	0.00227539	4.88281e-05	1.95312e-05
25	3.90625e-05	1.95312e-05	0.00804687	0.0090332	0	0	0.00174805	0.00204102	9.76562e-06	1.95312e-05
26	0	9.76562e-06	0.00704102	0.0078125	0	0	0.00147461	0.00168945	0	0
27	0	0	0.00608398	0.00649414	0	0	0.00119141	0.00130859	0	0
28	0	0	0.00505859	0.00546875	0	0	0.00113281	0.00102539	0	0
29	0	0	0.00442383	0.00472656	0	0	0.000957031	0.000957031	0	0
30	0	0	0.00379883	0.00435547	0	0	0.000917969	0.000966797	0	0
31	0	0	0.0024707	0.00349609	0	0	0.000595703	0.000878906	0	0
----------------------
