Ite	f0	f1	f2	f3	f4	f5	f6	f7	f8	f9	f10	f11	f12	f13	f14	f15	f16	f17	f18	f19	f20	f21	f22	f23	f24	f25	f26	f27	f28	f29	f30	f31	f32	f33	f34	f35	f36	f37	f38	f39	f40	f41	f42	f43	f44	f45	f46	f47	f48	f49	f50	f51	f52	f53	f54	f55	f56	f57	f58	f59	f60	f61	f62	f63	f64	f65	f66	f67	f68	f69	f70	f71	f72	f73	f74	f75	f76	f77	f78	f79	f80	f81	f82	f83	f84	f85	f86	f87	f88	f89	f90	f91	f92	f93	f94	f95	f96	f97	f98	f99	
0	337	237	319	272	325	282	304	288	259	319	293	354	261	339	255	265	237	318	360	236	288	347	266	206	302	345	323	278	336	339	311	311	222	249	296	333	307	259	348	295	264	312	314	260	310	273	309	295	291	310	274	347	287	280	327	325	286	309	283	308	332	308	271	308	328	295	261	305	300	256	293	320	300	290	320	278	291	280	286	263	294	297	272	290	261	326	319	303	314	305	320	292	323	348	327	279	322	328	306	343	
1	263	153	283	217	237	254	273	270	114	278	239	251	250	239	187	217	79	296	349	104	193	298	160	36	275	298	265	208	228	332	222	270	88	140	259	241	292	86	264	259	86	204	294	255	232	194	277	211	223	296	185	326	246	211	351	291	215	323	179	197	268	198	231	235	247	162	196	219	271	96	285	306	288	231	347	311	213	200	145	213	298	224	150	208	86	295	265	225	243	277	268	130	241	299	258	149	315	230	218	243	
2	295	33	299	174	200	277	121	221	48	289	262	241	263	238	184	171	16	292	306	33	151	315	127	2	229	297	297	219	168	284	185	305	38	64	258	207	307	6	248	248	27	204	299	227	197	165	207	150	157	276	150	332	192	215	317	220	147	307	119	124	240	173	202	195	200	110	225	217	231	14	280	259	241	205	318	275	212	168	29	245	310	164	58	190	15	216	251	226	229	248	223	62	240	277	253	91	272	219	214	280	
3	312	4	219	191	233	232	25	223	20	297	263	223	265	205	160	135	1	353	285	20	159	315	92	0	232	277	315	226	138	304	150	297	12	19	257	144	300	1	234	239	20	198	260	294	195	154	238	71	158	251	135	273	150	206	265	257	107	306	64	86	226	123	215	183	266	33	222	244	247	3	271	272	233	216	276	294	264	162	3	236	271	147	22	189	10	168	286	285	204	259	212	49	226	238	248	117	219	238	225	337	
4	328	10	196	207	215	270	8	249	4	291	251	139	185	188	217	80	0	320	316	19	138	321	140	0	250	209	297	230	116	317	109	258	7	12	238	178	262	1	251	227	14	215	289	276	204	107	188	71	184	239	136	267	157	244	313	247	90	252	20	66	191	108	247	198	256	22	189	250	291	0	263	300	217	242	297	295	263	174	1	218	285	178	6	168	8	169	251	277	175	274	244	57	231	287	289	132	195	208	238	333	
5	290	1	201	192	178	226	4	263	1	262	252	154	195	210	234	52	0	276	297	24	135	303	165	1	200	160	308	200	111	346	27	259	7	5	242	176	249	0	241	181	0	196	265	239	205	97	181	54	201	252	134	311	171	217	330	260	105	217	3	94	206	124	211	190	243	20	189	226	258	0	245	294	231	251	309	286	235	145	1	211	292	152	5	182	5	173	249	235	182	243	244	52	264	285	333	124	218	219	248	264	
6	242	0	221	180	131	223	1	234	8	251	231	114	184	243	194	57	0	319	318	21	174	300	135	1	245	161	238	207	122	347	11	295	6	8	247	216	304	0	248	159	0	175	264	211	229	83	216	56	230	299	140	336	142	193	357	240	127	175	0	132	179	135	244	206	255	17	230	203	238	0	272	280	287	244	276	309	231	144	0	200	264	162	0	171	1	204	264	211	210	279	183	51	219	302	260	115	219	300	232	285	
7	251	0	249	163	151	228	1	228	6	230	260	130	181	207	229	66	0	287	339	8	161	280	113	0	224	151	244	209	103	352	5	268	8	3	226	184	302	0	196	212	0	193	287	240	212	98	230	64	216	314	106	314	138	157	282	272	118	159	0	138	155	133	236	216	251	5	232	183	269	0	288	286	256	243	302	293	236	147	0	207	289	167	0	207	1	202	244	241	200	289	176	40	210	336	272	136	235	261	188	312	
8	253	1	305	168	147	210	0	270	2	242	268	144	178	224	235	65	0	269	360	8	150	262	84	0	215	155	271	196	101	318	3	274	7	5	240	189	278	0	225	215	0	216	264	244	203	117	219	71	213	278	120	352	147	174	292	258	107	164	0	127	157	113	290	191	259	3	224	178	287	0	254	275	245	207	299	295	226	140	0	186	300	204	1	181	0	187	241	290	184	287	160	34	214	336	304	165	237	253	206	317	
9	259	1	294	206	106	216	0	291	8	236	239	115	166	246	172	60	0	254	333	2	162	281	86	0	251	141	242	184	131	306	3	280	8	4	241	210	234	0	254	248	0	188	252	259	196	75	210	76	193	249	142	308	107	173	308	222	118	155	1	105	166	99	264	144	226	2	246	153	308	0	265	294	273	219	258	282	185	140	0	173	313	181	0	147	0	150	216	241	139	277	173	45	212	269	305	171	265	248	249	281	
10	267	0	271	208	127	258	0	291	1	251	250	109	162	242	205	81	0	265	322	1	151	290	92	0	244	147	281	210	124	296	2	266	5	5	264	238	295	0	185	273	0	177	235	212	198	63	214	73	201	256	120	274	144	173	295	264	101	170	0	86	139	113	244	190	208	7	191	195	267	0	256	287	236	220	278	292	221	162	0	191	309	131	0	172	1	185	234	264	121	216	215	42	182	265	306	110	240	219	263	294	
11	305	0	245	189	131	274	0	240	2	208	256	104	191	230	248	105	0	288	302	2	97	290	89	0	248	149	302	242	113	268	1	314	6	7	254	241	311	0	207	279	0	171	265	238	207	96	202	62	227	281	104	252	143	184	306	222	80	203	0	113	173	113	281	198	216	5	237	245	234	0	250	305	233	292	288	306	280	147	0	176	312	161	0	190	0	208	202	247	134	265	230	41	211	248	250	152	245	232	213	294	
12	262	0	256	162	119	304	0	222	1	202	241	112	254	212	247	81	0	277	324	0	155	258	119	0	224	161	282	223	79	291	0	312	6	7	250	214	275	0	235	236	0	184	266	272	215	137	230	42	186	247	92	277	150	163	318	190	75	169	0	113	176	195	233	228	273	4	227	230	199	0	272	331	246	287	295	265	244	141	0	154	315	168	0	215	1	190	204	229	116	230	235	41	225	242	268	133	239	234	227	280	
13	308	0	227	181	136	312	0	246	2	232	277	121	224	174	225	69	0	263	336	0	179	289	143	0	222	134	293	192	110	252	0	295	4	4	249	196	253	0	237	206	0	205	237	256	174	133	233	37	195	283	109	281	136	164	327	228	65	202	0	78	153	227	245	246	277	4	226	203	248	0	234	304	267	248	356	277	226	116	0	191	271	113	0	179	0	198	242	290	146	251	217	31	231	253	258	144	211	225	236	268	
14	354	0	248	157	151	298	0	246	4	212	279	154	171	204	216	49	0	268	343	0	167	262	162	0	253	146	276	193	149	295	0	277	4	2	275	190	289	0	268	227	0	176	234	253	189	105	276	44	233	242	156	339	137	149	290	231	67	151	0	80	159	177	209	229	228	1	245	222	300	0	228	254	260	246	321	293	284	102	0	177	293	145	0	197	0	199	266	285	191	292	215	48	227	284	252	165	256	213	228	289	
15	298	0	254	203	153	271	0	235	4	180	302	176	159	270	240	58	0	273	368	0	143	299	168	0	243	142	309	207	125	343	0	258	2	2	260	181	276	0	244	224	0	190	208	271	209	94	256	52	235	291	175	323	173	164	307	241	75	166	0	73	160	168	226	216	257	3	251	210	293	0	233	216	216	198	310	304	277	126	0	152	311	163	0	234	0	177	191	267	179	247	255	50	246	324	268	170	263	201	213	353	
16	289	0	269	244	145	279	0	202	3	165	281	152	151	249	213	55	0	280	356	0	175	266	137	0	247	113	349	215	113	334	0	272	2	4	232	157	228	0	232	231	0	207	193	236	219	82	203	40	244	323	150	330	148	211	288	260	45	137	0	60	175	160	254	210	234	1	260	204	248	0	266	241	198	187	314	303	232	138	0	192	298	153	0	249	0	184	189	248	142	206	250	40	176	284	276	133	259	241	259	322	
17	313	0	261	224	144	241	0	253	3	157	230	167	193	229	170	62	0	274	329	0	173	268	89	0	257	158	307	232	98	325	0	303	4	4	245	128	251	0	233	199	0	206	256	196	203	63	228	53	248	259	148	324	134	216	282	257	28	172	0	51	170	123	240	263	249	0	198	186	228	0	258	332	229	215	286	291	262	129	0	217	288	153	0	211	0	207	216	196	191	233	194	43	184	283	231	118	270	276	227	270	
18	327	0	227	199	173	259	0	237	4	175	205	134	207	195	167	55	0	293	322	0	168	283	99	0	267	176	305	273	93	331	0	316	3	4	256	161	283	0	229	212	0	183	244	219	187	44	236	54	230	242	133	255	149	216	277	237	24	182	0	26	173	127	273	234	270	0	222	202	271	0	278	335	239	218	293	306	264	118	0	208	274	142	0	242	0	214	240	253	231	246	210	30	210	307	242	152	248	230	203	291	
19	307	0	171	203	180	270	0	244	4	183	206	121	194	206	169	53	0	298	334	0	150	300	136	0	251	202	313	237	109	322	0	271	2	2	264	144	320	0	204	229	0	196	232	253	222	72	239	55	216	301	120	250	149	192	247	257	14	198	0	44	160	125	265	215	266	0	226	177	267	0	273	308	240	261	261	286	235	142	0	262	281	154	0	227	0	179	222	270	199	265	198	28	222	287	246	151	250	257	233	290	
20	262	0	121	165	178	247	0	251	4	228	209	124	168	272	205	55	0	265	313	0	130	281	155	0	228	192	274	193	112	337	0	261	3	0	246	151	300	0	218	217	0	232	199	260	215	107	204	56	241	339	92	247	154	170	302	290	11	195	0	56	135	135	207	185	225	0	201	196	256	0	265	314	200	227	231	281	213	126	0	221	312	162	0	182	1	158	251	251	178	236	192	24	177	260	225	141	241	290	216	276	
21	284	0	189	165	158	221	0	274	4	210	246	130	192	204	234	44	0	236	276	0	142	308	115	0	222	201	272	142	106	327	0	255	1	3	193	125	292	0	203	216	0	227	201	241	188	114	183	44	225	317	118	306	178	200	266	221	5	197	0	51	168	164	212	173	200	0	213	168	222	0	272	304	228	245	295	258	217	141	0	201	314	132	0	185	1	160	256	229	166	212	207	23	197	263	276	144	209	284	233	316	
22	299	0	194	165	165	203	0	285	4	179	269	124	209	259	255	41	0	284	293	0	152	318	116	0	232	215	279	166	112	344	0	292	1	2	217	124	302	0	246	233	0	233	192	258	196	139	202	47	243	323	95	297	188	206	267	262	8	185	0	32	219	131	260	196	215	0	190	166	241	0	235	337	249	246	309	274	237	109	0	205	272	172	0	215	0	142	254	250	211	234	272	44	205	269	307	147	210	235	200	318	
23	250	0	219	163	203	172	0	245	6	236	210	133	201	290	227	41	0	266	313	0	144	297	117	0	280	220	260	234	140	309	0	291	1	1	243	122	289	0	250	241	0	206	230	212	135	130	201	49	230	334	115	260	155	230	300	265	11	174	0	36	208	116	281	239	201	0	207	173	259	0	256	306	198	259	354	242	253	90	0	219	310	156	0	214	0	185	267	240	218	255	278	22	178	265	286	164	245	239	160	329	
24	250	0	297	211	183	193	0	227	7	247	249	131	222	257	271	48	0	274	304	0	132	269	105	0	266	185	276	240	124	264	0	298	1	2	251	107	259	0	230	243	0	164	208	232	166	73	221	60	224	297	120	266	164	243	276	272	12	232	0	30	214	127	260	257	165	0	232	195	288	0	263	287	218	244	327	245	189	94	0	197	360	151	0	220	0	166	283	256	170	256	247	14	161	270	285	126	263	226	150	317	
25	287	0	303	175	158	208	0	213	7	279	257	129	247	237	239	47	0	270	345	0	163	303	95	0	257	196	283	221	103	325	0	258	0	2	262	142	271	0	237	217	0	155	211	244	209	62	192	75	246	219	130	300	190	222	305	271	15	239	0	64	207	134	261	252	174	0	232	173	282	0	260	292	184	222	306	245	204	112	0	186	310	163	0	186	0	148	231	221	164	211	240	24	194	290	295	136	289	247	200	319	
26	287	0	284	187	145	215	0	253	9	277	246	134	226	218	237	42	0	296	333	0	143	310	110	0	284	182	282	248	126	326	0	218	1	0	277	143	260	0	249	251	0	142	215	247	226	58	138	88	249	258	158	310	172	198	294	238	9	184	0	99	165	124	242	221	224	0	202	145	232	0	204	289	155	250	285	239	223	92	0	203	288	174	0	190	0	148	196	224	187	227	203	39	161	341	311	155	276	250	233	308	
27	257	0	291	158	130	232	0	271	9	258	236	159	218	224	205	42	0	319	320	0	198	289	125	0	192	171	289	213	113	327	0	265	1	1	306	158	298	0	247	291	0	197	228	240	235	109	183	58	225	283	146	316	199	246	300	252	8	175	0	84	172	135	216	199	246	0	187	179	226	0	238	297	153	251	272	261	225	94	0	215	260	174	0	197	1	149	192	229	180	252	204	44	207	300	240	137	223	220	209	268	
28	301	0	288	154	144	208	0	263	11	221	231	179	165	205	219	53	0	281	316	0	224	275	199	0	225	161	304	184	115	306	0	304	1	1	253	152	266	0	247	282	0	227	201	246	175	121	250	60	216	308	167	280	187	227	289	233	6	159	0	88	146	158	293	181	249	0	200	182	222	0	246	320	128	276	298	256	244	131	0	221	265	182	0	187	1	91	157	255	179	271	212	45	260	270	256	98	223	225	224	254	
29	320	0	288	159	170	251	0	250	9	235	256	152	155	250	206	52	0	280	325	0	182	319	172	0	249	187	292	210	87	367	0	307	1	0	223	152	283	0	263	209	0	208	186	257	226	142	274	44	243	288	191	257	157	187	297	228	5	163	0	78	171	165	293	205	168	0	182	184	243	0	258	319	86	264	335	269	223	177	0	244	281	141	0	178	0	78	174	277	153	223	205	37	235	270	264	87	244	223	254	273	
30	268	0	271	182	163	259	0	234	9	253	281	132	88	256	229	58	0	317	339	0	164	268	124	0	215	246	314	242	99	301	0	302	1	0	283	155	292	0	285	225	0	213	219	286	235	113	253	48	196	283	151	225	150	182	318	242	5	178	0	63	233	170	220	195	179	0	225	182	241	0	267	295	60	209	293	262	252	137	0	251	269	155	0	183	0	73	252	262	186	241	207	49	209	267	265	91	251	226	219	296	
