Ite	f0	f1	f2	f3	f4	f5	f6	f7	f8	f9	f10	f11	f12	f13	f14	f15	f16	f17	f18	f19	f20	f21	f22	f23	f24	f25	f26	f27	f28	f29	f30	f31	f32	f33	f34	f35	f36	f37	f38	f39	f40	f41	f42	f43	f44	f45	f46	f47	f48	f49	f50	f51	f52	f53	f54	f55	f56	f57	f58	f59	f60	f61	f62	f63	f64	f65	f66	f67	f68	f69	f70	f71	f72	f73	f74	f75	f76	f77	f78	f79	f80	f81	f82	f83	f84	f85	f86	f87	f88	f89	f90	f91	f92	f93	f94	f95	f96	f97	f98	f99	
0	433	414	431	467	466	445	506	445	442	368	467	443	453	485	430	476	442	407	429	461	463	424	439	418	431	447	421	430	425	434	453	389	474	422	462	411	445	496	412	493	456	460	436	421	466	487	427	456	440	453	438	457	519	504	415	456	437	426	413	452	461	454	436	484	483	514	428	466	461	443	484	426	485	468	489	440	470	483	522	415	431	453	457	477	439	425	443	454	469	485	420	447	471	431	432	471	446	462	460	475	
1	423	401	440	361	476	445	441	433	431	186	474	447	442	461	416	433	444	398	409	386	411	432	389	400	430	428	434	424	391	400	502	262	469	447	474	494	379	471	345	471	436	387	478	395	482	450	452	387	394	402	482	474	431	472	418	441	401	431	373	370	496	393	408	418	453	501	455	438	419	431	411	439	416	445	406	420	392	462	455	458	388	392	461	441	483	418	427	391	416	347	427	381	450	450	392	413	387	434	372	460	
2	412	410	433	354	474	492	412	385	396	80	438	477	434	453	346	455	413	393	360	387	409	414	415	363	460	445	491	382	414	400	417	83	512	479	480	438	307	438	299	506	413	401	422	272	474	460	494	463	397	395	477	441	419	443	395	500	379	437	353	248	447	441	423	421	492	455	444	428	410	410	456	407	391	435	288	369	395	417	445	444	394	426	453	476	363	387	394	449	417	358	416	376	476	447	343	386	384	423	423	377	
3	313	333	434	314	450	511	429	392	311	34	433	476	415	472	373	426	394	390	414	379	401	445	457	389	476	391	429	367	430	328	453	58	460	426	469	421	310	425	405	491	467	437	466	303	478	475	449	469	390	420	405	457	414	509	386	495	369	417	298	126	443	482	447	450	472	483	436	396	454	411	455	324	445	471	277	343	459	368	454	393	374	471	454	465	318	396	360	432	366	378	369	364	436	447	353	450	367	454	480	422	
4	246	356	332	280	445	466	403	442	407	37	437	458	435	447	393	430	359	393	469	355	372	411	337	414	473	316	433	391	458	318	479	27	455	452	451	418	292	416	348	454	393	366	449	332	436	460	474	406	472	406	326	394	415	509	392	494	351	400	376	39	440	442	448	447	484	474	430	411	444	407	491	231	398	449	303	395	445	454	430	479	434	437	480	440	332	429	363	375	380	342	384	349	418	471	411	355	370	386	395	470	
5	179	323	338	284	399	497	401	424	382	32	441	468	384	426	395	400	377	311	429	313	415	382	347	379	469	361	391	369	441	438	464	28	456	485	454	404	250	405	321	429	345	388	422	310	440	453	457	451	454	446	371	460	448	492	349	520	381	438	397	31	423	366	459	458	484	404	423	390	439	381	451	200	389	401	277	364	340	504	517	417	411	448	498	408	424	391	378	357	447	318	331	282	415	437	445	360	351	374	442	461	
6	174	306	310	298	400	500	407	416	380	21	470	473	370	381	431	384	439	309	360	288	397	430	403	339	472	377	422	411	402	450	415	19	454	484	442	363	338	378	301	450	454	418	462	339	444	440	450	478	414	453	407	467	472	480	309	478	385	462	391	18	404	399	430	440	483	437	448	409	415	381	463	223	373	456	272	323	412	466	509	479	414	416	462	498	483	399	331	321	398	351	380	312	471	395	406	432	353	372	424	458	
7	139	308	345	365	462	435	363	449	405	13	483	443	381	391	428	382	489	354	369	308	432	421	384	339	462	361	418	411	368	463	432	23	465	427	513	409	322	370	281	438	412	399	486	343	442	446	436	455	418	490	433	420	467	465	352	448	367	442	362	19	379	467	394	495	470	425	455	437	418	377	431	282	364	429	280	323	453	503	445	420	444	392	424	497	474	389	319	351	354	330	363	324	487	447	340	416	430	379	403	442	
8	145	305	398	412	455	435	447	432	371	8	455	387	387	432	324	393	392	377	438	365	393	435	408	270	434	391	365	388	405	346	417	18	479	459	423	413	291	371	310	395	397	440	472	334	442	486	410	516	432	451	428	422	457	517	327	457	409	379	330	22	429	461	411	501	440	480	383	428	450	387	467	310	320	410	324	301	367	488	433	427	414	415	460	454	473	358	322	403	388	363	359	301	511	426	398	379	424	400	391	448	
9	181	376	393	405	443	515	422	377	433	7	468	382	342	482	379	364	355	357	441	351	402	445	355	413	471	403	398	423	396	334	427	20	474	425	446	445	272	398	327	449	454	450	488	290	454	463	450	477	445	428	357	409	483	497	382	443	404	367	339	17	464	359	386	485	430	421	404	448	456	432	437	284	312	319	331	296	412	435	466	386	404	404	414	467	422	302	300	419	366	311	359	328	422	466	398	403	435	375	427	461	
10	185	363	290	379	480	455	411	418	431	6	436	392	343	440	442	389	393	387	449	306	364	418	375	418	514	417	450	401	419	317	428	9	442	427	471	417	309	387	331	408	419	406	505	290	484	512	421	446	378	418	380	403	453	469	331	481	421	335	370	16	484	400	437	402	437	454	445	408	497	425	443	262	298	246	351	264	370	482	500	450	395	366	440	483	418	366	323	398	344	330	361	348	414	440	385	373	447	408	402	402	
11	160	382	304	373	445	501	531	431	411	6	485	415	417	490	372	404	400	383	422	395	383	376	408	364	495	436	446	406	486	334	407	7	519	429	483	354	319	394	293	396	413	395	464	274	421	491	447	445	343	436	355	374	374	511	349	447	450	345	371	16	496	442	459	420	475	454	445	360	449	394	426	338	261	249	306	289	370	473	490	440	392	386	432	484	380	300	359	462	375	336	307	297	412	404	368	365	362	384	404	382	
12	169	407	304	304	477	457	473	394	366	6	445	466	436	492	393	471	394	392	459	345	396	438	391	381	535	322	485	419	457	264	427	5	451	482	468	389	356	405	308	436	429	469	433	318	446	484	474	438	378	444	336	392	428	519	386	498	427	342	404	19	427	431	370	417	425	464	386	386	410	379	409	299	293	344	263	265	390	473	439	407	394	442	438	430	344	273	394	484	387	384	301	300	424	388	434	335	358	324	372	443	
13	216	435	276	350	432	507	458	387	379	6	439	442	461	492	430	432	385	406	498	289	425	404	418	301	460	325	447	389	404	335	441	4	434	460	418	397	376	383	303	437	415	426	416	317	447	404	417	440	402	448	361	370	411	467	415	450	452	327	358	20	429	481	391	408	467	416	395	399	478	359	472	298	293	402	365	255	405	450	462	408	319	470	461	426	385	326	359	433	423	414	328	288	426	448	413	389	390	309	400	435	
14	181	341	331	394	427	459	425	440	337	6	451	448	415	407	440	412	384	472	453	267	369	394	445	321	435	379	433	427	424	374	427	3	463	441	449	314	349	374	283	429	385	433	400	331	456	417	455	395	377	466	437	391	443	472	408	473	402	295	311	18	528	414	455	445	440	503	432	445	461	376	460	284	264	426	353	220	365	446	466	402	349	388	459	360	361	312	344	448	409	327	362	281	424	434	373	411	379	345	442	401	
15	147	341	308	332	452	461	397	483	394	6	429	489	409	441	376	412	425	393	431	271	351	360	341	339	484	424	460	463	376	307	435	2	444	458	443	370	330	308	320	457	435	440	385	333	417	418	427	412	381	467	398	413	462	448	407	471	356	266	357	19	495	432	401	491	469	526	402	436	415	406	389	257	283	456	274	142	405	500	466	412	420	356	478	418	434	356	295	425	426	303	398	420	439	419	416	434	306	342	393	392	
16	150	346	309	360	489	440	433	466	405	6	461	415	430	407	336	465	389	358	428	289	388	346	445	390	499	415	392	375	395	382	443	2	430	451	483	428	321	364	357	420	431	456	462	306	393	416	491	464	411	438	419	400	435	483	374	505	373	342	342	18	512	367	455	439	488	483	404	420	419	326	424	279	280	499	297	179	445	455	444	374	389	353	495	393	421	386	309	469	363	365	379	420	426	478	419	377	357	357	398	447	
17	130	357	356	388	448	515	397	447	409	6	472	354	419	494	372	475	316	346	371	311	352	416	395	327	413	409	367	367	336	342	479	2	439	453	433	410	312	387	321	462	439	385	448	282	373	439	465	464	332	465	356	444	374	526	405	528	394	398	315	19	439	406	393	455	481	444	422	421	473	308	455	257	196	444	314	213	359	477	515	335	469	362	452	436	383	382	291	484	445	387	360	334	442	488	394	381	351	304	398	451	
18	169	369	367	350	389	437	444	462	405	6	427	353	431	436	437	397	322	345	346	280	377	373	404	295	446	383	402	394	409	366	464	2	436	512	465	382	273	368	288	435	438	410	475	318	426	441	475	447	372	462	368	431	379	493	413	490	377	373	339	19	446	353	419	487	499	438	390	433	423	351	494	288	240	438	255	224	376	474	424	364	476	395	481	441	397	414	295	466	440	359	356	310	451	494	426	409	402	368	375	477	
19	151	297	318	294	386	454	378	401	398	6	398	313	431	489	361	431	372	349	440	313	381	413	391	380	455	353	401	386	405	397	475	2	441	487	472	441	306	395	289	421	404	425	497	343	481	426	447	476	340	476	381	423	396	486	344	441	421	303	301	19	387	368	427	472	466	427	422	451	422	306	510	217	281	426	266	213	343	441	489	355	419	397	504	492	388	403	386	454	412	346	413	249	485	435	339	390	326	382	406	509	
20	145	338	322	251	449	505	402	375	359	6	446	298	414	504	409	410	450	388	462	317	395	411	448	482	439	352	435	442	421	346	420	2	421	477	424	416	261	373	237	466	389	459	488	308	471	442	433	507	365	433	325	467	383	500	297	451	437	278	336	19	414	403	442	450	456	446	434	446	423	336	479	252	307	417	277	206	329	482	425	372	401	454	466	445	379	400	380	451	369	326	384	271	441	448	329	336	292	375	355	466	
21	108	369	334	214	453	471	403	428	375	6	479	346	372	463	470	413	422	373	413	298	405	395	430	436	464	293	444	404	387	297	446	2	468	422	454	445	278	382	299	492	337	424	473	327	455	434	423	466	401	485	339	450	379	492	336	508	403	354	317	19	434	353	388	451	442	453	427	441	375	331	471	251	304	392	286	146	430	446	435	329	385	394	368	409	349	383	324	461	411	331	385	286	416	408	339	322	338	354	359	427	
22	115	338	373	216	457	481	448	385	378	6	478	419	387	475	462	447	441	377	369	336	377	374	427	423	487	348	462	359	395	390	394	2	499	468	483	434	298	408	301	453	357	408	515	342	440	504	382	479	409	493	368	423	386	513	343	473	355	321	323	19	437	436	385	481	501	478	377	416	386	375	467	235	275	381	302	211	447	462	456	348	397	387	382	436	342	326	294	386	371	343	395	314	450	428	312	327	377	389	384	479	
23	150	388	317	277	424	459	388	448	320	6	465	412	382	468	406	448	435	402	390	355	435	349	411	344	481	342	466	380	384	376	456	2	459	442	483	403	281	375	376	469	386	442	484	337	414	466	362	534	453	471	346	370	370	496	388	477	382	297	327	19	411	398	429	446	450	397	361	461	411	418	435	268	278	339	322	243	395	441	459	397	367	403	379	431	361	403	325	382	413	272	369	365	406	444	366	383	360	397	379	446	
24	159	397	295	258	382	421	423	426	369	6	376	430	365	431	421	406	386	430	380	257	417	423	420	287	475	363	440	446	425	371	448	2	448	403	439	399	274	395	413	423	399	422	498	381	416	468	437	492	473	482	347	402	412	508	418	461	425	241	306	19	457	384	452	480	464	406	444	460	419	367	477	290	266	406	335	252	357	438	434	423	387	400	385	406	365	445	315	457	371	336	422	304	435	441	377	370	367	368	435	434	
25	160	415	318	313	477	466	396	434	300	6	398	419	345	473	380	423	398	406	413	332	418	472	372	346	439	411	513	418	467	359	422	2	446	377	411	425	298	343	357	433	411	405	475	302	410	454	437	455	458	441	332	402	480	505	440	462	423	226	287	19	409	440	419	447	468	494	428	431	440	388	450	252	258	424	302	234	360	446	427	365	382	433	466	455	413	415	357	462	376	378	457	309	457	445	348	372	314	451	434	395	
26	213	416	306	363	484	458	415	432	307	6	441	436	372	504	413	416	453	415	396	363	399	419	393	416	388	389	443	447	438	301	477	2	462	494	386	379	271	400	355	402	423	446	451	363	396	469	360	419	421	428	356	410	473	510	488	427	365	198	291	19	444	414	470	472	468	437	435	410	403	432	450	251	261	392	244	256	362	450	424	345	381	466	466	448	414	398	352	405	440	356	417	338	421	453	334	396	323	417	385	393	
27	204	360	344	284	470	470	404	407	349	6	396	449	391	465	446	432	455	396	394	353	460	440	441	397	472	359	463	421	436	330	435	2	449	480	385	407	277	353	280	433	443	381	495	350	412	474	394	485	358	405	307	466	442	502	401	471	327	165	266	19	467	452	449	442	448	441	454	399	416	440	403	294	286	390	279	258	436	458	401	392	377	467	481	376	406	442	329	420	384	342	402	342	425	446	327	335	310	352	385	453	
28	153	359	278	298	447	501	485	421	343	6	436	440	376	427	410	424	418	406	397	323	422	352	457	403	470	349	410	418	361	299	445	2	423	464	378	387	273	366	295	418	436	413	457	318	420	487	396	461	410	404	291	424	426	477	359	422	319	149	268	19	443	399	427	465	440	513	425	467	423	452	435	224	288	360	268	240	400	453	463	390	371	465	462	362	414	431	298	476	428	354	350	354	431	444	410	373	312	352	406	488	
29	144	384	315	323	446	494	416	432	395	6	450	457	397	390	411	475	395	389	470	313	435	367	373	367	494	388	444	433	343	282	462	2	503	486	418	428	313	361	327	420	452	379	455	274	435	459	344	493	425	442	235	412	420	454	301	415	308	125	297	19	440	350	402	436	470	511	427	443	390	484	398	220	294	362	329	271	410	381	418	333	425	453	397	424	375	394	247	466	400	381	350	353	423	444	409	314	330	386	379	458	
30	168	333	322	349	466	480	478	400	416	6	448	450	438	414	403	425	387	372	404	321	416	360	444	345	466	388	430	398	412	267	476	2	472	458	501	490	331	381	358	357	415	430	446	301	437	502	433	458	439	456	215	396	403	471	255	475	230	103	310	19	470	424	363	448	450	463	438	461	392	421	457	187	292	349	276	246	356	451	443	398	425	408	406	433	439	401	189	442	381	383	362	318	422	384	470	386	395	397	362	470	
