Spectre K=752, R=1/2
   19,   20,   21,   22,   23,   24,   25,   26,   27,   28,   29,   30,   31,   32,   33,   34,   35,   36,   37,   38,   39,   40,   41,   42,   43,   44,   45,   46,   47,   48,   49,   50,   51,   52,   53,   54,   55,   56,   57,   58,   59,
  376,  376,    0,  752, 1128,  905, 1697, 3942, 3557, 2518, 2007, 2221,  192,  218,  245,    0,    4,  150,    9,    0,    0,  151,   66,  343,  182,  167,   10,  343,    2,  186,  360,  298,  312,   46,    5,  181,  300,    1,  571,  212,    6,
 3384, 3008,    0, 6768,11280, 8228,14714,33248,30349,19832,15641,21038, 1726, 1756, 1748,    0,   37, 1200,   65,    0,    0,  909,  397, 2388, 1095, 1002,   80, 2401,   17, 1677, 2160, 2677, 2841,  414,   61, 1629, 2686,    6, 3432, 1948,   31,
 2256, 2256,    0, 4512, 7520, 5548,10192,23266,20822,14700,10889,13942, 1298,  903, 1026,    0,   25,  900,   49,    0,    0,  755,  265, 1702,  730,  834,   59, 1717,   12, 1120, 1441, 1786, 1825,  320,   46, 1267, 1792,    5, 2289, 1357,   24,
  9.0,  8.0, -nan,  9.0, 10.0,  9.1,  8.7,  8.4,  8.5,  7.9,  7.8,  9.5,  9.0,  8.1,  7.1, -nan,  9.2,  8.0,  7.2, -nan, -nan,  6.0,  6.0,  7.0,  6.0,  6.0,  8.0,  7.0,  8.5,  9.0,  6.0,  9.0,  9.1,  9.0, 12.2,  9.0,  9.0,  6.0,  6.0,  9.2,  5.2,
  6.0,  6.0, -nan,  6.0,  6.7,  6.1,  6.0,  5.9,  5.9,  5.8,  5.4,  6.3,  6.8,  4.1,  4.2, -nan,  6.2,  6.0,  5.4, -nan, -nan,  5.0,  4.0,  5.0,  4.0,  5.0,  5.9,  5.0,  6.0,  6.0,  4.0,  6.0,  5.8,  7.0,  9.2,  7.0,  6.0,  5.0,  4.0,  6.4,  4.0,





Spectre K=752, R=1/3
   33,   34,   35,   36,   37,   38,   39,   40,   41,   42,   43,   44,   45,   46,   47,   48,   49,   50,   51,   52,   53,   54,   55,   56,   57,   58,   59,
  376,    0,  376,  752,    0,    0,  752,  188,  381, 2557, 1465, 1676, 2052, 2268, 2677,  800,  176, 1819,  449,  417,  706,    7,   14,    2,    1,    8,    0,
 3384,    0, 3760, 6392,    0,    0, 7520, 1316, 3434,24508,13154,16770,17718,21200,24119, 6237, 1746,16356, 3497, 3661, 3096,   56,   84,   15,    9,   78,    0,
 2256,    0, 2632, 4512,    0,    0, 4888,  752, 2479,16999, 9315,12105,12505,14941,16656, 4345, 1224,11285, 2416, 2158, 2561,   40,   56,   13,    6,   50,    0,
  9.0, -nan, 10.0,  8.5, -nan, -nan, 10.0,  7.0,  9.0,  9.6,  9.0, 10.0,  8.6,  9.3,  9.0,  7.8,  9.9,  9.0,  7.8,  8.8,  4.4,  8.0,  6.0,  7.5,  9.0,  9.8, -nan,
  6.0, -nan,  7.0,  6.0, -nan, -nan,  6.5,  4.0,  6.5,  6.6,  6.4,  7.2,  6.1,  6.6,  6.2,  5.4,  7.0,  6.2,  5.4,  5.2,  3.6,  5.7,  4.0,  6.5,  6.0,  6.2, -nan,




Spectre K=752, R=3/4

    9,   10,   11,   12,   13,   14,   15,   16,   17,   18,   19,   20,   21,   22,   23,   24,   25,   26,   27,   28,   29,   30,   31,   32,   33,   34,   35,   36,   37,   38,   39,   40,   41,   42,   43,   44,   45,   46,   47,   48,   49,   50,   51,   52,   53,   54,   55,   56,   57,   58,   59,
   27,  148, 1462, 5088,11114,11434, 2411,  455,  496,  601,  621,  507,  571,  536,  711,  750, 1006, 1163, 1202, 1035,  939, 1080, 1062,  941,  989,  887,  734,  883,  650,  791,  827, 1093,  981, 1099, 1225, 1452, 1069,  892,  849,  851,  911,  952, 1004,  994, 1104,  993,  917,  908, 1037, 1026, 1315,
  171, 1025, 9674,34032,75545,76442,15659, 2901, 3028, 3773, 3971, 3376, 3681, 3384, 4306, 4576, 6131, 7230, 7299, 6740, 6165, 6679, 6756, 5963, 6346, 5580, 4914, 5233, 4046, 4546, 4960, 6232, 5933, 6528, 7288, 8760, 6793, 5891, 5608, 5590, 5685, 6019, 6516, 6502, 6772, 6200, 5648, 5391, 6050, 6072, 7819,
  126,  716, 7449,26713,60008,60986,12306, 2223, 2361, 2977, 3125, 2666, 2846, 2593, 3287, 3507, 4673, 5515, 5570, 5157, 4761, 5142, 5298, 4684, 4916, 4389, 3820, 4119, 3251, 3690, 3965, 5143, 4756, 5263, 5840, 6996, 5421, 4736, 4465, 4456, 4558, 4816, 5125, 5114, 5359, 4957, 4542, 4334, 4822, 4768, 6102,
  6.3,  6.9,  6.6,  6.7,  6.8,  6.7,  6.5,  6.4,  6.1,  6.3,  6.4,  6.7,  6.4,  6.3,  6.1,  6.1,  6.1,  6.2,  6.1,  6.5,  6.6,  6.2,  6.4,  6.3,  6.4,  6.3,  6.7,  5.9,  6.2,  5.7,  6.0,  5.7,  6.0,  5.9,  5.9,  6.0,  6.4,  6.6,  6.6,  6.6,  6.2,  6.3,  6.5,  6.5,  6.1,  6.2,  6.2,  5.9,  5.8,  5.9,  5.9,
  4.7,  4.8,  5.1,  5.3,  5.4,  5.3,  5.1,  4.9,  4.8,  5.0,  5.0,  5.3,  5.0,  4.8,  4.6,  4.7,  4.6,  4.7,  4.6,  5.0,  5.1,  4.8,  5.0,  5.0,  5.0,  4.9,  5.2,  4.7,  5.0,  4.7,  4.8,  4.7,  4.8,  4.8,  4.8,  4.8,  5.1,  5.3,  5.3,  5.2,  5.0,  5.1,  5.1,  5.1,  4.9,  5.0,  5.0,  4.8,  4.6,  4.6,  4.6,

Spectre K=752, R=6/7




