%Comparaison FNC/BCH dans le contexte 8states, K=1504, SF=0.75 /!\bch 0: 50err, les autres:100
SNR	BCH2	BCH4	BCH8	BCH12	BCH0	BCH10
0.0	8.8e-1	9.4e-1	9.8e-1	1.0	7.7e-1	1.0
0.1	7.5e-1	7.8e-1	9.5e-1	1.0	6.5e-1	9.8e-1
0.2	5.5e-1	6.8e-1	8.5e-1	9.7e-1	4.3e-1	9.6e-1
0.3	3.7e-1	4.9e-1	7.7e-1	9.2e-1	2.6e-1	8.3e-1
0.4	1.9e-1	2.6e-1	6.0e-1	7.9e-1	1.1e-1	6.5e-1
0.5	7.7e-2	1.5e-1	3.0e-1	6.5e-1	3.9e-2	4.4e-1
0.6	2.7e-2	5.3e-2	1.8e-1	3.6e-1	1.1e-2	2.7e-1
0.7	6.2e-3	1.8e-2	7.1e-2	2.2e-1	2.5e-3	1.3e-1
0.8	1.3e-3	3.9e-3	2.3e-2	9.6e-2	4.7e-4	5.7e-2
0.9	2.6e-4	6.4e-4	5.5e-3	3.3e-2	9.2e-5	1.5e-2
1.0	3.4e-5	1.4e-4	1.2e-3	1.1e-2	2.2e-5	3.8e-3	
1.1	1.1e-5	1.7e-5	2.3e-4	2.3e-3	9.8e-6	6.1e-4
1.2	5.7e-6	3.9e-6	2.7e-5	4.0e-4	5.9e-6	1.2e-4
1.3	3.8e-6	1.9e-6	3.8e-6	4.8e-5	4.6e-6	1.3e-5
1.4	2.5e-6	1.2e-6	1.0e-6	5.7e-6	3.3e-6	1.9e-6
1.5	1.7e-6	7.5e-7	6.5e-7	7.3e-7	2.1e-6	4.0e-7
1.6	1.4e-6	4.2e-7	3.6e-7	1.8e-7	1.7e-6	2.6e-7
1.7	8.5e-7	2.8e-7	1.8e-7	7.4e-8	1.1e-6	1.5e-7
