 ====================================
| SIMULATION (FER over EbN0)  
| Mar  6 2017 18:08:51
|   Begin: 3.6  Step: 0.2  End:5.21
|   Standard: DVB_RCS2   
|   Its=8 R=67 N=752 SF=0.85 SC=0
 ====================================

 Simulating SNR=3.60
F:   1266 | FE: 50 | BER:9.51e-04 | FER:3.95e-02 | BEMin:  3 | BEMax: 83 | BE/FE: 36 | SE/FE: 35 | It:3.6 | FPS:   0

BE: 3;5;6;10;10;10;11;12;13;16;20;23;24;26;26;28;30;31;33;33;33;35;36;38;38;40;41;41;41;42;42;42;43;43;43;46;48;48;49;51;51;52;53;54;59;62;62;62;62;83;

SE: 3;5;6;9;9;9;11;11;13;15;19;22;23;25;25;28;29;30;30;30;30;34;36;37;38;39;39;40;40;41;41;41;41;41;42;45;45;46;46;49;51;52;52;52;58;60;61;61;62;82;
SEtot: 1754
FCcount= 0 idOk: 0

 Simulating SNR=3.80
F:   6741 | FE: 50 | BER:1.38e-04 | FER:7.42e-03 | BEMin:  2 | BEMax: 67 | BE/FE: 28 | SE/FE: 27 | It:3.3 | FPS:   0

BE: 2;2;2;2;3;3;4;5;5;5;7;9;10;11;12;12;14;14;16;21;24;28;28;29;29;29;30;31;32;33;34;36;36;37;40;41;41;46;46;46;48;48;52;53;54;55;55;55;60;67;

SE: 2;2;2;2;2;3;4;4;4;5;5;9;9;11;12;12;13;13;15;20;23;25;28;28;28;28;29;30;31;32;33;35;36;37;39;40;40;45;45;46;46;48;50;50;51;53;53;54;54;66;
SEtot: 1352
FCcount= 0 idOk: 0

 Simulating SNR=4.00
F:  60574 | FE: 50 | BER:1.45e-05 | FER:8.25e-04 | BEMin:  2 | BEMax: 51 | BE/FE: 26 | SE/FE: 25 | It:2.9 | FPS:1638

BE: 2;3;3;4;6;6;8;8;8;10;12;15;16;17;18;19;20;20;20;21;23;23;26;26;26;27;28;28;31;33;33;33;34;34;36;36;37;38;40;40;41;41;42;42;42;46;47;48;49;51;

SE: 2;3;3;4;4;6;7;7;8;10;12;13;15;17;17;17;20;20;20;20;20;23;24;25;26;26;27;28;30;32;33;33;34;34;35;35;37;37;38;39;39;39;40;40;42;43;46;46;47;48;
SEtot: 1271
FCcount= 0 idOk: 0

 Simulating SNR=4.20
F: 591654 | FE: 50 | BER:6.37e-07 | FER:8.45e-05 | BEMin:  2 | BEMax: 46 | BE/FE: 11 | SE/FE: 11 | It:2.7 | FPS:2129

BE: 2;3;3;3;3;3;3;3;3;3;3;3;3;4;4;4;4;4;5;5;6;6;6;7;7;8;9;9;9;9;10;10;10;11;11;12;13;14;15;17;18;21;24;26;28;29;31;34;43;46;

SE: 2;3;3;3;3;3;3;3;3;3;3;3;3;3;3;3;4;4;4;5;5;6;6;7;7;7;7;7;8;8;8;9;9;9;10;10;12;14;14;17;17;20;22;24;26;29;30;31;42;46;
SEtot: 531
FCcount= 0 idOk: 0

 Simulating SNR=4.40
F: 2544416 | FE: 50 | BER:8.57e-08 | FER:1.97e-05 | BEMin:  3 | BEMax: 28 | BE/FE:  7 | SE/FE:  6 | It:2.4 | FPS:24922

BE: 3;3;3;3;3;3;3;3;3;3;3;3;3;3;3;4;4;4;4;4;4;4;4;4;4;4;4;4;4;4;5;5;5;5;5;6;6;6;6;6;7;8;10;11;12;15;24;26;27;28;

SE: 2;2;3;3;3;3;3;3;3;3;3;3;3;3;3;3;3;3;4;4;4;4;4;4;4;4;4;4;4;4;4;4;5;5;5;5;6;6;6;6;7;8;10;10;11;14;24;25;25;26;
SEtot: 312
FCcount= 0 idOk: 0

 Simulating SNR=4.60
F: 8796309 | FE: 50 | BER:1.87e-08 | FER:5.68e-06 | BEMin:  1 | BEMax: 31 | BE/FE:  5 | SE/FE:  5 | It:2.3 | FPS:26094

BE: 1;2;2;2;3;3;3;3;3;3;3;3;3;3;3;3;3;3;3;3;3;3;3;3;3;3;3;4;4;4;4;4;4;4;4;4;4;4;4;6;6;6;7;9;10;10;11;13;15;31;

SE: 1;2;2;2;2;3;3;3;3;3;3;3;3;3;3;3;3;3;3;3;3;3;3;3;3;3;3;4;4;4;4;4;4;4;4;4;4;4;4;4;5;6;7;9;9;9;10;13;15;29;
SEtot: 239
FCcount= 0 idOk: 0

 Simulating SNR=4.80
F: 18018167 | FE: 50 | BER:7.97e-09 | FER:2.77e-06 | BEMin:  2 | BEMax: 12 | BE/FE:  4 | SE/FE:  4 | It:2.2 | FPS:2806

BE: 2;3;3;3;3;3;3;3;3;3;3;3;3;3;3;3;3;3;3;3;3;3;3;3;3;4;4;4;4;4;4;4;4;4;4;4;5;5;5;5;5;6;6;6;6;7;10;10;10;12;

SE: 2;2;3;3;3;3;3;3;3;3;3;3;3;3;3;3;3;3;3;3;3;3;3;3;3;3;3;4;4;4;4;4;4;4;4;4;4;4;4;5;5;5;6;6;6;6;8;9;10;11;
SEtot: 204
FCcount= 0 idOk: 0

 Simulating SNR=5.00
F: 48105950 | FE: 50 | BER:2.83e-09 | FER:1.04e-06 | BEMin:  3 | BEMax: 10 | BE/FE:  4 | SE/FE:  4 | It:2.1 | FPS:2956

BE: 3;3;3;3;3;3;3;3;3;3;3;3;3;3;3;3;3;3;3;3;3;3;3;4;4;4;4;4;4;4;4;4;4;4;4;4;4;5;5;5;5;5;5;6;6;6;6;7;9;10;

SE: 3;3;3;3;3;3;3;3;3;3;3;3;3;3;3;3;3;3;3;3;3;3;3;3;3;4;4;4;4;4;4;4;4;4;4;4;4;4;4;4;4;5;5;5;6;6;6;6;9;9;
SEtot: 196
FCcount= 0 idOk: 0

 Simulating SNR=5.20
F: 109473520 | FE: 50 | BER:1.11e-09 | FER:4.57e-07 | BEMin:  2 | BEMax: 12 | BE/FE:  4 | SE/FE:  4 | It:2.1 | FPS:3000

BE: 2;2;3;3;3;3;3;3;3;3;3;3;3;3;3;3;3;3;3;3;3;3;3;3;3;3;3;3;3;3;3;3;3;3;3;4;4;4;4;4;4;4;4;4;4;5;6;8;8;12;

SE: 2;2;3;3;3;3;3;3;3;3;3;3;3;3;3;3;3;3;3;3;3;3;3;3;3;3;3;3;3;3;3;3;3;3;3;3;3;3;4;4;4;4;4;4;4;5;6;7;8;12;
SEtot: 178
FCcount= 0 idOk: 0




 ./67 
 ====================================
| SIMULATION (FER over EbN0)  
| Mar  6 2017 18:05:25
|   Begin: 3.6  Step: 0.2  End:5.21
|   Standard: DVB_RCS2   
|   Its=8 R=67 N=752 SF=0.85 SC=0
 ====================================

 Simulating SNR=3.60
F:   1012 | FE: 50 | BER:1.15e-03 | FER:4.94e-02 | BEMin:  5 | BEMax: 65 | BE/FE: 35 | SE/FE: 34 | It:3.7 | FPS:   0

BE: 5;8;9;10;11;15;16;18;20;23;24;24;24;24;24;25;26;27;28;29;30;30;32;32;32;33;34;35;38;39;39;40;44;45;45;46;46;47;47;48;53;53;54;54;55;56;59;60;63;65;

SE: 5;7;9;10;11;15;16;18;20;22;23;23;24;24;24;24;25;26;27;29;29;29;31;31;31;32;34;35;37;38;38;38;42;43;44;44;45;45;47;47;51;52;52;54;54;56;57;60;63;65;
SEtot: 1706
FCcount= 33 idOk: 26

 Simulating SNR=3.80
Pos Ok but not corrected
F:   9014 | FE: 50 | BER:1.10e-04 | FER:5.55e-03 | BEMin:  3 | BEMax: 60 | BE/FE: 30 | SE/FE: 29 | It:3.3 | FPS:2048

BE: 3;3;3;4;8;9;10;12;13;15;15;16;18;19;19;20;20;22;23;26;27;28;30;30;31;32;32;32;33;33;33;35;36;37;37;38;38;38;39;40;43;49;51;51;52;53;53;58;58;60;

SE: 2;3;3;4;7;7;10;12;13;13;13;15;18;18;19;19;19;20;23;25;25;25;29;30;30;30;30;31;31;31;32;34;35;35;36;36;36;38;38;39;43;48;49;50;51;51;52;56;57;57;
SEtot: 1428
FCcount= 81 idOk: 65

 Simulating SNR=4.00
F:  68863 | FE: 50 | BER:1.24e-05 | FER:7.26e-04 | BEMin:  2 | BEMax: 54 | BE/FE: 26 | SE/FE: 25 | It:2.9 | FPS:2259

BE: 2;6;8;9;9;10;12;12;12;13;13;15;16;17;19;20;20;21;21;22;22;22;23;24;25;25;25;25;26;26;28;29;31;31;32;33;33;34;34;35;36;36;37;41;44;45;49;49;49;54;

SE: 2;6;7;7;7;10;10;11;12;13;13;13;15;17;19;19;20;20;20;21;22;22;22;23;23;23;25;25;26;26;27;28;30;30;31;31;31;33;34;34;35;36;36;40;41;45;46;47;49;54;
SEtot: 1237
FCcount= 126 idOk: 92

 Simulating SNR=4.20
F: 700678 | FE: 50 | BER:7.69e-07 | FER:7.14e-05 | BEMin:  3 | BEMax: 54 | BE/FE: 16 | SE/FE: 15 | It:2.7 | FPS:2376

BE: 3;3;3;3;3;4;4;5;5;6;6;6;7;7;7;7;7;7;8;9;9;10;10;11;12;13;13;13;14;14;15;15;16;18;18;19;21;23;23;25;26;28;33;36;36;37;39;49;50;54;

SE: 3;3;3;3;3;3;4;4;5;5;5;6;6;6;6;6;7;7;7;8;9;9;9;11;12;12;12;12;13;13;14;15;15;16;17;19;20;22;23;25;26;26;31;35;35;35;38;45;47;54;
SEtot: 770
FCcount= 184 idOk: 151

 Simulating SNR=4.40
Pos Ok but not corrected:8.94e-08 | FER:1.03e-05 | BEMin:  3 | BEMax: 41 | BE/FE: 13 | SE/FE: 13 | It:2.4 | FPS:235520
F: 4371420 | FE: 50 | BER:8.27e-08 | FER:1.14e-05 | BEMin:  3 | BEMax: 41 | BE/FE: 11 | SE/FE: 10 | It:2.4 | FPS:2401

BE: 3;3;3;3;3;3;3;3;3;3;3;3;4;4;4;5;6;6;6;6;6;7;7;7;7;7;8;8;10;10;10;11;12;12;13;15;16;16;16;17;17;18;19;21;21;22;24;33;36;41;

SE: 3;3;3;3;3;3;3;3;3;3;3;3;3;4;4;4;5;6;6;6;6;7;7;7;7;7;8;8;9;9;9;11;11;11;12;15;15;16;16;16;16;16;17;21;21;21;22;33;35;40;
SEtot: 523
FCcount= 208 idOk: 163

 Simulating SNR=4.60
Pos Ok but not corrected:1.59e-08 | FER:2.69e-06 | BEMin:  3 | BEMax: 17 | BE/FE:  9 | SE/FE:  8 | It:2.3 | FPS:285330
F: 21161148 | FE: 50 | BER:1.07e-08 | FER:2.36e-06 | BEMin:  3 | BEMax: 20 | BE/FE:  7 | SE/FE:  7 | It:2.3 | FPS:2701

BE: 3;3;3;3;3;3;3;3;3;3;3;3;3;4;4;4;4;4;4;4;4;5;5;5;6;6;6;6;6;6;6;7;7;7;7;8;8;8;9;9;10;11;12;12;14;15;16;16;17;20;

SE: 3;3;3;3;3;3;3;3;3;3;3;3;3;3;3;4;4;4;4;4;4;5;5;5;5;6;6;6;6;6;6;6;7;7;7;7;7;8;8;9;10;10;11;12;13;14;15;15;16;19;
SEtot: 326
FCcount= 274 idOk: 227

 Simulating SNR=4.80
Pos Ok but not correctedR:3.80e-09 | FER:7.89e-07 | BEMin:  3 | BEMax: 59 | BE/FE:  7 | SE/FE:  7 | It:2.2 | FPS:28403
F: 65316144 | FE: 50 | BER:3.37e-09 | FER:7.66e-07 | BEMin:  3 | BEMax: 59 | BE/FE:  7 | SE/FE:  6 | It:2.2 | FPS:2846

BE: 3;3;3;3;3;3;3;3;3;3;3;3;3;3;3;3;3;3;3;3;3;3;3;3;3;4;4;4;4;4;5;5;5;6;6;6;7;7;7;7;8;9;10;10;10;10;13;13;33;59;

SE: 3;3;3;3;3;3;3;3;3;3;3;3;3;3;3;3;3;3;3;3;3;3;3;3;3;3;3;3;4;4;4;4;5;5;6;6;6;7;7;7;8;9;9;9;10;10;12;13;33;56;
SEtot: 318
FCcount= 261 idOk: 229

 Simulating SNR=5.00
F: 165307430 | FE: 50 | BER:7.60e-10 | FER:3.02e-07 | BEMin:  3 | BEMax: 11 | BE/FE:  4 | SE/FE:  4 | It:2.1 | FPS:3130

BE: 3;3;3;3;3;3;3;3;3;3;3;3;3;3;3;3;3;3;3;3;3;3;3;3;3;3;3;3;3;3;3;3;3;3;3;3;3;3;3;4;4;4;5;5;6;7;8;8;10;11;

SE: 3;3;3;3;3;3;3;3;3;3;3;3;3;3;3;3;3;3;3;3;3;3;3;3;3;3;3;3;3;3;3;3;3;3;3;3;3;3;3;3;3;4;5;5;6;7;8;8;10;11;
SEtot: 187
FCcount= 237 idOk: 212

 Simulating SNR=5.20
F: 427863386 | FE: 50 | BER:3.31e-10 | FER:1.17e-07 | BEMin:  3 | BEMax: 17 | BE/FE:  4 | SE/FE:  4 | It:2.1 | FPS:3511

BE: 3;3;3;3;3;3;3;3;3;3;3;3;3;3;3;3;3;3;3;3;3;3;3;3;3;3;3;3;3;3;3;3;3;3;3;4;4;4;4;4;5;5;6;7;7;8;9;9;15;17;

SE: 3;3;3;3;3;3;3;3;3;3;3;3;3;3;3;3;3;3;3;3;3;3;3;3;3;3;3;3;3;3;3;3;3;3;3;3;3;4;4;4;4;5;6;6;7;7;7;8;14;16;
SEtot: 203





